69
K0909                         0.0000000 0.0849234 0.0007985 0.0011070 0.0010458 0.0694189 0.0852285 0.0854280 0.0845064 0.0009849 0.0852201 0.0011328 0.0001846 0.0009954 0.0851793 0.0008901 0.0008589 0.0008067 0.3268519 0.0161446 0.0532190 0.0824111 0.0776951 0.0845746 0.0878382 0.0871627 0.0872015 0.0887947 0.0882942 0.0873306 0.0047023 0.0041267 0.0045740 0.0047655 0.0046371 0.0048295 0.0047015 0.0048940 0.0048294 0.0048941 0.0048295 0.0047656 0.0047655 0.0073683 0.0069983 0.0074739 0.0071155 0.0075644 0.0076321 0.0065738 0.0010456 0.0011093 0.0008606 0.0009839 0.0009838 0.0009222 0.0011700 0.0006807 0.0862455 0.0854659 0.0853408 0.0908420 0.0862455 0.0009221 0.0013556 0.0009216 0.0008599 0.0011687 0.3077751 
K0914                         0.0849234 0.0000000 0.0845814 0.0847887 0.0842099 0.0058546 0.0050700 0.0051648 0.0051041 0.0844810 0.0051526 0.0791795 0.0847818 0.0842440 0.0051406 0.0832364 0.0826084 0.0843043 0.2887333 0.0815469 0.0193517 0.0156780 0.0161447 0.0181265 0.0178496 0.0188314 0.0186735 0.0189260 0.0185198 0.0189798 0.0826581 0.0830136 0.0831805 0.0832894 0.0832994 0.0832897 0.0834072 0.0831623 0.0830542 0.0834271 0.0832897 0.0832941 0.0832897 0.0816161 0.0821031 0.0822023 0.0814989 0.0813664 0.0820931 0.0810709 0.0838394 0.0849409 0.0843731 0.0844775 0.0841016 0.0844723 0.0841944 0.0848649 0.0078359 0.0051362 0.0050695 0.0048522 0.0078359 0.0843329 0.0847960 0.0845271 0.0845373 0.0846463 0.2573323 
Z9850                         0.0007985 0.0845814 0.0000000 0.0006753 0.0006141 0.0696374 0.0848862 0.0850834 0.0841632 0.0005530 0.0848768 0.0007317 0.0007408 0.0006212 0.0848369 0.0001901 0.0001976 0.0000614 0.3267126 0.0162191 0.0528361 0.0824416 0.0775553 0.0844883 0.0877515 0.0870761 0.0871149 0.0887075 0.0882073 0.0872440 0.0043832 0.0039361 0.0042552 0.0044463 0.0043183 0.0045101 0.0043825 0.0045744 0.0045101 0.0045746 0.0045101 0.0044464 0.0044463 0.0070416 0.0065945 0.0072091 0.0067890 0.0072372 0.0072351 0.0063095 0.0006139 0.0006767 0.0004295 0.0005525 0.0005524 0.0004909 0.0007376 0.0002471 0.0861591 0.0851232 0.0849984 0.0907533 0.0861591 0.0004909 0.0009226 0.0004907 0.0004292 0.0007368 0.3076348 
Z9851                         0.0011070 0.0847887 0.0006753 0.0000000 0.0009223 0.0697593 0.0850936 0.0852921 0.0843714 0.0008614 0.0850848 0.0009989 0.0009887 0.0007457 0.0850443 0.0006988 0.0007265 0.0006822 0.3264053 0.0164307 0.0530175 0.0823539 0.0773299 0.0844028 0.0876612 0.0869870 0.0870256 0.0886157 0.0881163 0.0871545 0.0045746 0.0041267 0.0044464 0.0046377 0.0045095 0.0047016 0.0045738 0.0047661 0.0047016 0.0047662 0.0047016 0.0046378 0.0046377 0.0073684 0.0069303 0.0075410 0.0071156 0.0074321 0.0075652 0.0065732 0.0009221 0.0009856 0.0007373 0.0008605 0.0008604 0.0007988 0.0010463 0.0005566 0.0863300 0.0853307 0.0852058 0.0906573 0.0863300 0.0007988 0.0012317 0.0007984 0.0007367 0.0004291 0.3070064 
Z9852                         0.0010458 0.0842099 0.0006141 0.0009223 0.0000000 0.0688744 0.0845139 0.0847081 0.0837910 0.0003067 0.0845033 0.0008647 0.0009893 0.0002478 0.0844645 0.0006347 0.0007933 0.0006204 0.3236322 0.0162078 0.0529233 0.0820747 0.0773382 0.0841357 0.0873880 0.0867153 0.0867538 0.0883400 0.0878420 0.0871426 0.0045080 0.0040607 0.0043799 0.0045710 0.0044430 0.0046349 0.0045072 0.0046993 0.0045072 0.0046994 0.0046349 0.0045712 0.0045710 0.0070370 0.0066579 0.0072715 0.0068499 0.0072325 0.0072971 0.0063714 0.0006135 0.0005530 0.0003064 0.0004291 0.0004291 0.0003677 0.0008605 0.0004327 0.0855438 0.0847501 0.0846257 0.0903188 0.0855438 0.0006136 0.0010455 0.0007372 0.0006755 0.0009840 0.3069471 
Z9853                         0.0694189 0.0058546 0.0696374 0.0697593 0.0688744 0.0000000 0.0011639 0.0016165 0.0011650 0.0692038 0.0011639 0.0690006 0.0692673 0.0687234 0.0012539 0.0682412 0.0688100 0.0700824 0.2336916 0.0666456 0.0147491 0.0144423 0.0154946 0.0170860 0.0173476 0.0177617 0.0178800 0.0179846 0.0177730 0.0177720 0.0683834 0.0686784 0.0686943 0.0689864 0.0689972 0.0689868 0.0685345 0.0688253 0.0688357 0.0691592 0.0689868 0.0689914 0.0686853 0.0667715 0.0686894 0.0671690 0.0658898 0.0664658 0.0671671 0.0659553 0.0687230 0.0697193 0.0690567 0.0690360 0.0688848 0.0690360 0.0690251 0.0699806 0.0040869 0.0012541 0.0011640 0.0012889 0.0040869 0.0690360 0.0694890 0.0695809 0.0692778 0.0694299 0.2056643 
Z9854                         0.0852285 0.0050700 0.0848862 0.0850936 0.0845139 0.0011639 0.0000000 0.0006397 0.0000010 0.0847853 0.0000630 0.0794508 0.0850871 0.0844145 0.0000628 0.0831393 0.0832986 0.0844814 0.2910592 0.0818489 0.0151980 0.0156655 0.0159249 0.0179722 0.0179873 0.0186653 0.0185932 0.0190607 0.0184397 0.0187499 0.0834387 0.0837954 0.0836934 0.0838025 0.0838126 0.0838028 0.0834495 0.0836752 0.0835670 0.0839406 0.0838028 0.0838072 0.0835673 0.0819258 0.0827907 0.0823887 0.0818005 0.0816675 0.0822788 0.0813743 0.0841430 0.0852464 0.0846774 0.0847818 0.0844055 0.0847766 0.0844984 0.0851724 0.0031550 0.0003176 0.0002540 0.0000643 0.0031550 0.0846371 0.0851005 0.0848317 0.0848419 0.0849509 0.2574850 
Z9855                         0.0854280 0.0051648 0.0850834 0.0852921 0.0847081 0.0016165 0.0006397 0.0000000 0.0006433 0.0849815 0.0007059 0.0798537 0.0852858 0.0846036 0.0007047 0.0833752 0.0832612 0.0846771 0.2888081 0.0818973 0.0157382 0.0157704 0.0159778 0.0180879 0.0181027 0.0187855 0.0187129 0.0191084 0.0185583 0.0188707 0.0836349 0.0841130 0.0840103 0.0841202 0.0841304 0.0841205 0.0837645 0.0839918 0.0838828 0.0842594 0.0841205 0.0841249 0.0838832 0.0823370 0.0829594 0.0828076 0.0822111 0.0820764 0.0825662 0.0817845 0.0843346 0.0854462 0.0848729 0.0849780 0.0845990 0.0849727 0.0846925 0.0853731 0.0031733 0.0007039 0.0006397 0.0007210 0.0031733 0.0848322 0.0852988 0.0850283 0.0850387 0.0851484 0.2553805 
Z9856                         0.0845064 0.0051041 0.0841632 0.0843714 0.0837910 0.0011650 0.0000010 0.0006433 0.0000000 0.0840629 0.0000633 0.0795242 0.0843640 0.0836488 0.0000632 0.0823490 0.0824776 0.0838825 0.2912208 0.0809915 0.0152370 0.0156330 0.0158848 0.0180316 0.0180466 0.0187297 0.0186571 0.0190399 0.0185024 0.0188150 0.0827140 0.0830716 0.0829693 0.0830786 0.0830887 0.0830790 0.0827247 0.0829511 0.0828425 0.0832170 0.0830790 0.0830833 0.0828429 0.0812065 0.0821708 0.0816637 0.0810800 0.0809476 0.0815565 0.0806473 0.0834192 0.0845236 0.0839546 0.0840594 0.0836822 0.0840542 0.0837756 0.0844445 0.0031769 0.0003197 0.0002557 0.0000647 0.0031769 0.0839145 0.0843792 0.0841089 0.0841192 0.0842285 0.2580153 
Z9857                         0.0009849 0.0844810 0.0005530 0.0008614 0.0003067 0.0692038 0.0847853 0.0849815 0.0840629 0.0000000 0.0847756 0.0007983 0.0009280 0.0003099 0.0847361 0.0005710 0.0007268 0.0005587 0.3231185 0.0159387 0.0529283 0.0820881 0.0775253 0.0835935 0.0869538 0.0862828 0.0863223 0.0876670 0.0874064 0.0864494 0.0043844 0.0039372 0.0042564 0.0044475 0.0043195 0.0043837 0.0043837 0.0045757 0.0043837 0.0045758 0.0043837 0.0044476 0.0044475 0.0068471 0.0065912 0.0072067 0.0067896 0.0070425 0.0072327 0.0063044 0.0006757 0.0004918 0.0002453 0.0003681 0.0002452 0.0003066 0.0007995 0.0003711 0.0851299 0.0850219 0.0848974 0.0901577 0.0851299 0.0005526 0.0009847 0.0006762 0.0006145 0.0009230 0.3055455 
Z9858                         0.0852201 0.0051526 0.0848768 0.0850848 0.0845033 0.0011639 0.0000630 0.0007059 0.0000633 0.0847756 0.0000000 0.0795287 0.0850783 0.0843459 0.0001274 0.0833552 0.0834949 0.0846922 0.2908042 0.0818301 0.0153224 0.0157972 0.0159916 0.0181072 0.0181220 0.0188029 0.0187306 0.0192002 0.0185764 0.0188880 0.0834249 0.0837826 0.0836804 0.0837897 0.0837999 0.0837901 0.0834357 0.0836620 0.0835535 0.0839283 0.0837901 0.0837945 0.0835539 0.0819073 0.0828919 0.0823714 0.0817816 0.0816482 0.0822613 0.0813540 0.0841313 0.0852381 0.0846674 0.0847721 0.0843947 0.0847669 0.0844878 0.0851638 0.0032303 0.0003824 0.0003185 0.0001302 0.0032303 0.0846269 0.0850918 0.0848221 0.0848324 0.0849418 0.2572717 
Z9859                         0.0011328 0.0791795 0.0007317 0.0009989 0.0008647 0.0690006 0.0794508 0.0798537 0.0795242 0.0007983 0.0795287 0.0000000 0.0010684 0.0008030 0.0796053 0.0005391 0.0008993 0.0007352 0.3182690 0.0147972 0.0496360 0.0756876 0.0715522 0.0781899 0.0816653 0.0808449 0.0808846 0.0824346 0.0820112 0.0808949 0.0045428 0.0041275 0.0043347 0.0045417 0.0044031 0.0046108 0.0044726 0.0045422 0.0045417 0.0046807 0.0046108 0.0045419 0.0045417 0.0067146 0.0065258 0.0070771 0.0065048 0.0067836 0.0071800 0.0060841 0.0009313 0.0009331 0.0006646 0.0007979 0.0007978 0.0006645 0.0009988 0.0005360 0.0801627 0.0795902 0.0794609 0.0843127 0.0801627 0.0007311 0.0012664 0.0008650 0.0007982 0.0010656 0.2978266 
Z9860                         0.0001846 0.0847818 0.0007408 0.0009887 0.0009893 0.0692673 0.0850871 0.0852858 0.0843640 0.0009280 0.0850783 0.0010684 0.0000000 0.0009343 0.0850378 0.0008274 0.0007941 0.0007477 0.3279267 0.0159499 0.0530781 0.0820092 0.0772309 0.0840443 0.0872456 0.0865693 0.0866081 0.0882025 0.0877019 0.0868547 0.0045348 0.0040208 0.0044700 0.0046624 0.0045335 0.0047267 0.0045982 0.0047915 0.0047266 0.0047916 0.0047267 0.0046625 0.0046624 0.0073428 0.0069598 0.0074486 0.0070887 0.0075400 0.0076078 0.0065269 0.0009890 0.0010530 0.0008031 0.0009271 0.0009270 0.0008650 0.0011140 0.0006219 0.0858788 0.0853245 0.0851995 0.0907614 0.0858788 0.0008650 0.0013005 0.0008645 0.0008025 0.0010507 0.3079523 
Z9861                         0.0009954 0.0842440 0.0006212 0.0007457 0.0002478 0.0687234 0.0844145 0.0846036 0.0836488 0.0003099 0.0843459 0.0008030 0.0009343 0.0000000 0.0843650 0.0006379 0.0007300 0.0006265 0.3165874 0.0151876 0.0527737 0.0809929 0.0767982 0.0818782 0.0849995 0.0843306 0.0843689 0.0860605 0.0854498 0.0849990 0.0040449 0.0037226 0.0038517 0.0040442 0.0039154 0.0041085 0.0039800 0.0041733 0.0039800 0.0041091 0.0041085 0.0040444 0.0040443 0.0067898 0.0065080 0.0072073 0.0065971 0.0068541 0.0071633 0.0063452 0.0005584 0.0005593 0.0003099 0.0003720 0.0003099 0.0003720 0.0007452 0.0004377 0.0836957 0.0846511 0.0845265 0.0882212 0.0836957 0.0005584 0.0009946 0.0006209 0.0006210 0.0008704 0.2992685 
Z9863                         0.0851793 0.0051406 0.0848369 0.0850443 0.0844645 0.0012539 0.0000628 0.0007047 0.0000632 0.0847361 0.0001274 0.0796053 0.0850378 0.0843650 0.0000000 0.0832513 0.0834058 0.0846007 0.2903990 0.0816817 0.0152903 0.0157628 0.0160506 0.0180693 0.0180841 0.0187635 0.0186913 0.0191598 0.0185374 0.0188483 0.0833892 0.0837459 0.0836440 0.0837530 0.0837631 0.0837534 0.0833999 0.0836257 0.0835174 0.0838912 0.0837534 0.0837577 0.0835178 0.0818759 0.0828654 0.0823384 0.0817505 0.0816175 0.0822286 0.0813238 0.0840936 0.0851971 0.0846281 0.0847325 0.0843562 0.0847273 0.0844491 0.0851227 0.0032240 0.0003816 0.0003179 0.0001301 0.0032240 0.0845878 0.0850513 0.0847824 0.0847926 0.0849017 0.2569234 
Z9864                         0.0008901 0.0832364 0.0001901 0.0006988 0.0006347 0.0682412 0.0831393 0.0833752 0.0823490 0.0005710 0.0833552 0.0005391 0.0008274 0.0006379 0.0832513 0.0000000 0.0003343 0.0001275 0.3131487 0.0154046 0.0514966 0.0810244 0.0764742 0.0818910 0.0850508 0.0843687 0.0844077 0.0860129 0.0855101 0.0846668 0.0037409 0.0034779 0.0036747 0.0039371 0.0038055 0.0040027 0.0038715 0.0040688 0.0040027 0.0040033 0.0040027 0.0039372 0.0038715 0.0066068 0.0062976 0.0069687 0.0064100 0.0067405 0.0069289 0.0060848 0.0005709 0.0006995 0.0004439 0.0005074 0.0005709 0.0005074 0.0006346 0.0003196 0.0826705 0.0833797 0.0832532 0.0882732 0.0826705 0.0005074 0.0008893 0.0005713 0.0005713 0.0008262 0.2944004 
Z9865                         0.0008589 0.0826084 0.0001976 0.0007265 0.0007933 0.0688100 0.0832986 0.0832612 0.0824776 0.0007268 0.0834949 0.0008993 0.0007941 0.0007300 0.0834058 0.0003343 0.0000000 0.0001320 0.3094258 0.0153921 0.0510865 0.0801490 0.0751766 0.0820228 0.0854400 0.0847285 0.0846455 0.0863194 0.0859200 0.0849049 0.0038278 0.0034858 0.0038955 0.0040321 0.0038950 0.0041004 0.0039638 0.0041693 0.0040321 0.0041010 0.0041004 0.0040322 0.0040321 0.0068152 0.0065601 0.0072529 0.0065362 0.0068135 0.0072117 0.0063321 0.0007931 0.0008610 0.0005945 0.0007269 0.0007268 0.0005944 0.0008600 0.0003991 0.0835107 0.0835486 0.0834170 0.0894385 0.0835107 0.0005943 0.0011257 0.0006602 0.0005278 0.0007926 0.2940347 
Z9867                         0.0008067 0.0843043 0.0000614 0.0006822 0.0006204 0.0700824 0.0844814 0.0846771 0.0838825 0.0005587 0.0846922 0.0007352 0.0007477 0.0006265 0.0846007 0.0001275 0.0001320 0.0000000 0.3247190 0.0162517 0.0525105 0.0816894 0.0770629 0.0840302 0.0873162 0.0866364 0.0866754 0.0882781 0.0877749 0.0869233 0.0044290 0.0039772 0.0042996 0.0044927 0.0043633 0.0045572 0.0044282 0.0046222 0.0045572 0.0046224 0.0045572 0.0044928 0.0044927 0.0071161 0.0066606 0.0073513 0.0068609 0.0073139 0.0073773 0.0063728 0.0005581 0.0006837 0.0004339 0.0005581 0.0005581 0.0004960 0.0007452 0.0002496 0.0854688 0.0847196 0.0845942 0.0904762 0.0854688 0.0004959 0.0009321 0.0004957 0.0004336 0.0007444 0.3034539 
CORE_Bbub_outgroup2_NC006295  0.3268519 0.2887333 0.3267126 0.3264053 0.3236322 0.2336916 0.2910592 0.2888081 0.2912208 0.3231185 0.2908042 0.3182690 0.3279267 0.3165874 0.2903990 0.3131487 0.3094258 0.3247190 0.0000000 0.3234031 0.2808745 0.2975925 0.2942874 0.2966109 0.3080224 0.3052094 0.3033203 0.3124414 0.3062172 0.3064338 0.3202710 0.3206150 0.3211526 0.3216958 0.3219744 0.3219425 0.3221876 0.3224956 0.3212025 0.3218716 0.3219425 0.3213206 0.3219425 0.3233128 0.3247724 0.3262113 0.3249955 0.3226805 0.3225140 0.3090517 0.3241566 0.3262248 0.3245654 0.3244968 0.3236656 0.3247094 0.3241012 0.3298832 0.3118208 0.2912853 0.2910185 0.3043737 0.3118208 0.3252709 0.3253641 0.3257636 0.3260760 0.3269245 0.1603918 
CORE_Bind_T1_NC005971         0.0161446 0.0815469 0.0162191 0.0164307 0.0162078 0.0666456 0.0818489 0.0818973 0.0809915 0.0159387 0.0818301 0.0147972 0.0159499 0.0151876 0.0816817 0.0154046 0.0153921 0.0162517 0.3234031 0.0000000 0.0566063 0.0795052 0.0768733 0.0816716 0.0843833 0.0839784 0.0840165 0.0855468 0.0850852 0.0843733 0.0159027 0.0159007 0.0158292 0.0158984 0.0158995 0.0159688 0.0158280 0.0159003 0.0158280 0.0160416 0.0159688 0.0158989 0.0158984 0.0154854 0.0155750 0.0152748 0.0149346 0.0154114 0.0150542 0.0143586 0.0162028 0.0163057 0.0159957 0.0161348 0.0158502 0.0160635 0.0164209 0.0161339 0.0834703 0.0820821 0.0819595 0.0872285 0.0834703 0.0159189 0.0166313 0.0159268 0.0159996 0.0166413 0.3086038 
LIT1_Bgru_YakA_BG67           0.0532190 0.0193517 0.0528361 0.0530175 0.0529233 0.0147491 0.0151980 0.0157382 0.0152370 0.0529283 0.0153224 0.0496360 0.0530781 0.0527737 0.0152903 0.0514966 0.0510865 0.0525105 0.2808745 0.0566063 0.0000000 0.0269125 0.0266246 0.0291639 0.0295997 0.0301085 0.0299213 0.0307302 0.0299168 0.0301002 0.0525304 0.0528247 0.0527408 0.0528332 0.0528386 0.0528334 0.0525408 0.0527305 0.0528332 0.0529393 0.0528334 0.0528332 0.0526383 0.0524129 0.0534468 0.0524325 0.0522775 0.0523002 0.0528494 0.0519874 0.0524137 0.0533433 0.0528365 0.0529261 0.0526223 0.0529233 0.0527061 0.0530796 0.0173467 0.0152706 0.0151967 0.0156444 0.0173467 0.0528144 0.0531991 0.0528089 0.0528144 0.0529068 0.2529762 
LIT2_Bgru_YakX_AG018_lowQ     0.0824111 0.0156780 0.0824416 0.0823539 0.0820747 0.0144423 0.0156655 0.0157704 0.0156330 0.0820881 0.0157972 0.0756876 0.0820092 0.0809929 0.0157628 0.0810244 0.0801490 0.0816894 0.2975925 0.0795052 0.0269125 0.0000000 0.0062590 0.0088325 0.0084533 0.0093819 0.0089483 0.0096781 0.0090197 0.0095265 0.0794482 0.0804375 0.0802221 0.0803332 0.0803431 0.0803336 0.0803336 0.0803490 0.0802133 0.0804682 0.0803336 0.0803332 0.0803336 0.0797332 0.0802783 0.0812206 0.0798785 0.0801102 0.0802011 0.0776588 0.0816958 0.0825479 0.0819729 0.0820798 0.0815756 0.0820747 0.0818075 0.0825755 0.0179198 0.0157415 0.0156641 0.0165835 0.0179198 0.0820698 0.0825433 0.0820239 0.0822766 0.0824872 0.2730379 
LIT2_Bgru_YakX_AG028_lowQ     0.0776951 0.0161447 0.0775553 0.0773299 0.0773382 0.0154946 0.0159249 0.0159778 0.0158848 0.0775253 0.0159916 0.0715522 0.0772309 0.0767982 0.0160506 0.0764742 0.0751766 0.0770629 0.2942874 0.0768733 0.0266246 0.0062590 0.0000000 0.0040420 0.0033061 0.0043106 0.0043114 0.0046798 0.0043113 0.0049569 0.0751025 0.0759174 0.0760638 0.0760633 0.0760757 0.0760638 0.0757507 0.0762393 0.0759072 0.0760691 0.0760638 0.0760691 0.0759072 0.0753099 0.0750931 0.0772885 0.0754502 0.0751390 0.0757970 0.0746341 0.0768582 0.0775759 0.0773508 0.0775149 0.0773508 0.0773508 0.0770038 0.0774389 0.0172145 0.0160294 0.0157217 0.0161923 0.0172145 0.0775020 0.0774888 0.0771737 0.0775020 0.0776480 0.2506510 
LIT2_Bgru_YakX_AG036          0.0845746 0.0181265 0.0844883 0.0844028 0.0841357 0.0170860 0.0179722 0.0180879 0.0180316 0.0835935 0.0181072 0.0781899 0.0840443 0.0818782 0.0180693 0.0818910 0.0820228 0.0840302 0.2966109 0.0816716 0.0291639 0.0088325 0.0040420 0.0000000 0.0023738 0.0006816 0.0004332 0.0032013 0.0008680 0.0010553 0.0809877 0.0817008 0.0815682 0.0816736 0.0816832 0.0816740 0.0817876 0.0816888 0.0815597 0.0819203 0.0816740 0.0816781 0.0816740 0.0818024 0.0811358 0.0827733 0.0815645 0.0819962 0.0821684 0.0793688 0.0838897 0.0846989 0.0840390 0.0842563 0.0838900 0.0841357 0.0838037 0.0847402 0.0208244 0.0180458 0.0179706 0.0194161 0.0208244 0.0842311 0.0846211 0.0840640 0.0844303 0.0847616 0.2686877 
LIT2_Bgru_YakX_BS791          0.0878382 0.0178496 0.0877515 0.0876612 0.0873880 0.0173476 0.0179873 0.0181027 0.0180466 0.0869538 0.0181220 0.0816653 0.0872456 0.0849995 0.0180841 0.0850508 0.0854400 0.0873162 0.3080224 0.0843833 0.0295997 0.0084533 0.0033061 0.0023738 0.0000000 0.0026756 0.0026142 0.0023004 0.0022357 0.0031197 0.0843463 0.0850735 0.0847423 0.0848492 0.0848593 0.0849651 0.0849651 0.0848652 0.0847335 0.0851005 0.0849651 0.0848539 0.0848496 0.0850551 0.0837012 0.0858862 0.0847363 0.0849388 0.0850470 0.0817947 0.0871374 0.0878588 0.0872904 0.0875109 0.0872548 0.0873880 0.0870515 0.0877558 0.0213154 0.0180607 0.0179857 0.0195513 0.0213154 0.0876178 0.0878828 0.0874503 0.0878238 0.0880265 0.2788968 
LIT2_Bgru_YakX_UP174          0.0871627 0.0188314 0.0870761 0.0869870 0.0867153 0.0177617 0.0186653 0.0187855 0.0187297 0.0862828 0.0188029 0.0808449 0.0865693 0.0843306 0.0187635 0.0843687 0.0847285 0.0866364 0.3052094 0.0839784 0.0301085 0.0093819 0.0043106 0.0006816 0.0026756 0.0000000 0.0006785 0.0033745 0.0011121 0.0009257 0.0836799 0.0844037 0.0840822 0.0841888 0.0841987 0.0843041 0.0843041 0.0842045 0.0840735 0.0844388 0.0843041 0.0841934 0.0841891 0.0843847 0.0830262 0.0852116 0.0840748 0.0842773 0.0843808 0.0812625 0.0864658 0.0871825 0.0866179 0.0868375 0.0865827 0.0867153 0.0863800 0.0870759 0.0217663 0.0187392 0.0186637 0.0204590 0.0217663 0.0869441 0.0872077 0.0867768 0.0871485 0.0873506 0.2763071 
LIT2_Bgru_YakX_UP175          0.0872015 0.0186735 0.0871149 0.0870256 0.0867538 0.0178800 0.0185932 0.0187129 0.0186571 0.0863223 0.0187306 0.0808846 0.0866081 0.0843689 0.0186913 0.0844077 0.0846455 0.0866754 0.3033203 0.0840165 0.0299213 0.0089483 0.0043114 0.0004332 0.0026142 0.0006785 0.0000000 0.0033130 0.0009880 0.0011125 0.0831863 0.0840214 0.0838898 0.0839963 0.0840062 0.0841116 0.0841116 0.0840120 0.0838812 0.0842461 0.0841116 0.0840009 0.0839967 0.0840020 0.0829385 0.0850155 0.0836516 0.0842000 0.0843029 0.0812916 0.0865043 0.0872213 0.0866565 0.0868762 0.0866212 0.0867538 0.0864185 0.0872799 0.0213914 0.0186671 0.0185916 0.0199948 0.0213914 0.0869827 0.0872464 0.0868155 0.0871873 0.0873894 0.2757249 
LIT2_Bgru_YakX_UP193          0.0887947 0.0189260 0.0887075 0.0886157 0.0883400 0.0179846 0.0190607 0.0191084 0.0190399 0.0876670 0.0192002 0.0824346 0.0882025 0.0860605 0.0191598 0.0860129 0.0863194 0.0882781 0.3124414 0.0855468 0.0307302 0.0096781 0.0046798 0.0032013 0.0023004 0.0033745 0.0033130 0.0000000 0.0031842 0.0038861 0.0852734 0.0860062 0.0856728 0.0857804 0.0857906 0.0856642 0.0858971 0.0857966 0.0856638 0.0860337 0.0856642 0.0857852 0.0857808 0.0857554 0.0845316 0.0867199 0.0854358 0.0856385 0.0858704 0.0827261 0.0880874 0.0888164 0.0882418 0.0884638 0.0879696 0.0883400 0.0880013 0.0887183 0.0221663 0.0191349 0.0190591 0.0207858 0.0221663 0.0885714 0.0888388 0.0884034 0.0887798 0.0889838 0.2825455 
LIT2_Bgru_YakX_UP199          0.0882942 0.0185198 0.0882073 0.0881163 0.0878420 0.0177730 0.0184397 0.0185583 0.0185024 0.0874064 0.0185764 0.0820112 0.0877019 0.0854498 0.0185374 0.0855101 0.0859200 0.0877749 0.3062172 0.0850852 0.0299168 0.0090197 0.0043113 0.0008680 0.0022357 0.0011121 0.0009880 0.0031842 0.0000000 0.0014855 0.0845895 0.0853178 0.0851866 0.0852938 0.0853039 0.0854100 0.0854100 0.0853099 0.0851777 0.0855460 0.0854100 0.0852986 0.0852942 0.0852996 0.0841552 0.0863408 0.0851816 0.0853841 0.0854963 0.0823611 0.0875905 0.0883153 0.0877441 0.0879652 0.0877082 0.0878420 0.0875045 0.0882147 0.0215412 0.0185134 0.0184381 0.0201432 0.0215412 0.0880725 0.0883386 0.0879048 0.0882795 0.0884828 0.2790501 
LIT2_Bgru_YakX_UP203          0.0873306 0.0189798 0.0872440 0.0871545 0.0871426 0.0177720 0.0187499 0.0188707 0.0188150 0.0864494 0.0188880 0.0808949 0.0868547 0.0849990 0.0188483 0.0846668 0.0849049 0.0869233 0.3064338 0.0843733 0.0301002 0.0095265 0.0049569 0.0010553 0.0031197 0.0009257 0.0011125 0.0038861 0.0014855 0.0000000 0.0835392 0.0843771 0.0842457 0.0843524 0.0843623 0.0844678 0.0844678 0.0843682 0.0842370 0.0846028 0.0844678 0.0843570 0.0843527 0.0843581 0.0831931 0.0853789 0.0842386 0.0844412 0.0845461 0.0814247 0.0866326 0.0873506 0.0867849 0.0870048 0.0867496 0.0868824 0.0865468 0.0872449 0.0218523 0.0188238 0.0187483 0.0206133 0.0218523 0.0871115 0.0873755 0.0869442 0.0873163 0.0875186 0.2763747 
LIT3_Bpri_P_England_GU985279  0.0047023 0.0826581 0.0043832 0.0045746 0.0045080 0.0683834 0.0834387 0.0836349 0.0827140 0.0043844 0.0834249 0.0045428 0.0045348 0.0040449 0.0833892 0.0037409 0.0038278 0.0044290 0.3202710 0.0159027 0.0525304 0.0794482 0.0751025 0.0809877 0.0843463 0.0836799 0.0831863 0.0852734 0.0845895 0.0835392 0.0000000 0.0010449 0.0011072 0.0010450 0.0010450 0.0011067 0.0011067 0.0011687 0.0011067 0.0011687 0.0011067 0.0010450 0.0010450 0.0072916 0.0072584 0.0074642 0.0071051 0.0074880 0.0075548 0.0066998 0.0043793 0.0045790 0.0043167 0.0044436 0.0043156 0.0043797 0.0043823 0.0042236 0.0844302 0.0836733 0.0835498 0.0885742 0.0844302 0.0042522 0.0047010 0.0043823 0.0043184 0.0047658 0.3084124 
LIT3_Bpri_P_Poland_JQ437479   0.0041267 0.0830136 0.0039361 0.0041267 0.0040607 0.0686784 0.0837954 0.0841130 0.0830716 0.0039372 0.0837826 0.0041275 0.0040208 0.0037226 0.0837459 0.0034779 0.0034858 0.0039772 0.3206150 0.0159007 0.0528247 0.0804375 0.0759174 0.0817008 0.0850735 0.0844037 0.0840214 0.0860062 0.0853178 0.0843771 0.0010449 0.0000000 0.0011686 0.0011067 0.0009831 0.0011685 0.0011685 0.0011066 0.0011685 0.0012305 0.0011685 0.0011067 0.0011067 0.0072247 0.0068520 0.0072624 0.0070383 0.0072901 0.0073552 0.0065002 0.0039326 0.0041307 0.0038702 0.0039966 0.0039961 0.0039330 0.0039353 0.0037739 0.0846700 0.0840304 0.0839067 0.0889331 0.0846700 0.0039329 0.0042528 0.0040624 0.0039987 0.0043172 0.3084203 
LIT3_Btau_P1a_Korea_DQ124389  0.0045740 0.0831805 0.0042552 0.0044464 0.0043799 0.0686943 0.0836934 0.0840103 0.0829693 0.0042564 0.0836804 0.0043347 0.0044700 0.0038517 0.0836440 0.0036747 0.0038955 0.0042996 0.3211526 0.0158292 0.0527408 0.0802221 0.0760638 0.0815682 0.0847423 0.0840822 0.0838898 0.0856728 0.0851866 0.0842457 0.0011072 0.0011686 0.0000000 0.0002449 0.0002449 0.0003063 0.0003063 0.0003677 0.0003063 0.0003677 0.0003063 0.0002449 0.0002449 0.0075530 0.0075287 0.0075948 0.0072338 0.0076167 0.0076848 0.0068306 0.0041242 0.0044506 0.0041888 0.0043157 0.0041878 0.0042518 0.0042543 0.0040948 0.0845702 0.0839284 0.0838047 0.0888559 0.0845702 0.0042517 0.0045727 0.0043818 0.0043179 0.0046374 0.3087394 
LIT3_Btau_P1a_LC537308        0.0047655 0.0832894 0.0044463 0.0046377 0.0045710 0.0689864 0.0838025 0.0841202 0.0830786 0.0044475 0.0837897 0.0045417 0.0046624 0.0040442 0.0837530 0.0039371 0.0040321 0.0044927 0.3216958 0.0158984 0.0528332 0.0803332 0.0760633 0.0816736 0.0848492 0.0841888 0.0839963 0.0857804 0.0852938 0.0843524 0.0010450 0.0011067 0.0002449 0.0000000 0.0001217 0.0001836 0.0001836 0.0002450 0.0001836 0.0002450 0.0001836 0.0001217 0.0001217 0.0074858 0.0075269 0.0076607 0.0072987 0.0076817 0.0077504 0.0068966 0.0043148 0.0046421 0.0043796 0.0045066 0.0043785 0.0044427 0.0044453 0.0042870 0.0846770 0.0840375 0.0839138 0.0890974 0.0846770 0.0044425 0.0047641 0.0045730 0.0045089 0.0048290 0.3092269 
LIT3_Btau_P1a_LC537309        0.0046371 0.0832994 0.0043183 0.0045095 0.0044430 0.0689972 0.0838126 0.0841304 0.0830887 0.0043195 0.0837999 0.0044031 0.0045335 0.0039154 0.0837631 0.0038055 0.0038950 0.0043633 0.3219744 0.0158995 0.0528386 0.0803431 0.0760757 0.0816832 0.0848593 0.0841987 0.0840062 0.0857906 0.0853039 0.0843623 0.0010450 0.0009831 0.0002449 0.0001217 0.0000000 0.0001837 0.0001837 0.0002450 0.0001837 0.0002450 0.0001837 0.0001217 0.0001217 0.0074863 0.0073911 0.0076612 0.0072992 0.0076823 0.0077509 0.0068971 0.0041871 0.0045138 0.0042518 0.0043787 0.0042507 0.0043148 0.0043173 0.0041583 0.0846870 0.0840476 0.0839239 0.0889775 0.0846870 0.0043147 0.0046358 0.0044449 0.0043809 0.0047006 0.3089796 
LIT3_Btau_P1a_LC537310        0.0048295 0.0832897 0.0045101 0.0047016 0.0046349 0.0689868 0.0838028 0.0841205 0.0830790 0.0043837 0.0837901 0.0046108 0.0047267 0.0041085 0.0837534 0.0040027 0.0041004 0.0045572 0.3219425 0.0159688 0.0528334 0.0803336 0.0760638 0.0816740 0.0849651 0.0843041 0.0841116 0.0856642 0.0854100 0.0844678 0.0011067 0.0011685 0.0003063 0.0001836 0.0001837 0.0000000 0.0002449 0.0003063 0.0002449 0.0003063 0.0000010 0.0001837 0.0001836 0.0075512 0.0075944 0.0077272 0.0073642 0.0077473 0.0078166 0.0069630 0.0043785 0.0047061 0.0044434 0.0045704 0.0043148 0.0045065 0.0045091 0.0043512 0.0846774 0.0840379 0.0839142 0.0890978 0.0846774 0.0045063 0.0048281 0.0046368 0.0045728 0.0048930 0.3092285 
LIT3_Btau_P1a_LC537311        0.0047015 0.0834072 0.0043825 0.0045738 0.0045072 0.0685345 0.0834495 0.0837645 0.0827247 0.0043837 0.0834357 0.0044726 0.0045982 0.0039800 0.0833999 0.0038715 0.0039638 0.0044282 0.3221876 0.0158280 0.0525408 0.0803336 0.0757507 0.0817876 0.0849651 0.0843041 0.0841116 0.0858971 0.0854100 0.0844678 0.0011067 0.0011685 0.0003063 0.0001836 0.0001837 0.0002449 0.0000000 0.0003063 0.0002449 0.0003063 0.0002449 0.0001837 0.0000608 0.0074203 0.0075269 0.0075943 0.0072333 0.0076162 0.0076843 0.0068303 0.0042511 0.0045782 0.0043159 0.0044429 0.0043148 0.0043790 0.0043815 0.0042228 0.0843312 0.0836841 0.0835606 0.0888577 0.0843312 0.0043788 0.0047002 0.0045091 0.0044451 0.0047650 0.3092285 
LIT3_Btau_P1a_LC537312        0.0048940 0.0831623 0.0045744 0.0047661 0.0046993 0.0688253 0.0836752 0.0839918 0.0829511 0.0045757 0.0836620 0.0045422 0.0047915 0.0041733 0.0836257 0.0040688 0.0041693 0.0046222 0.3224956 0.0159003 0.0527305 0.0803490 0.0762393 0.0816888 0.0848652 0.0842045 0.0840120 0.0857966 0.0853099 0.0843682 0.0011687 0.0011066 0.0003677 0.0002450 0.0002450 0.0003063 0.0003063 0.0000000 0.0003063 0.0003677 0.0003063 0.0002450 0.0002450 0.0076176 0.0075278 0.0076603 0.0074305 0.0078138 0.0078837 0.0068974 0.0044427 0.0047706 0.0045077 0.0046348 0.0045065 0.0045708 0.0045734 0.0044159 0.0844370 0.0839100 0.0837864 0.0888473 0.0844370 0.0045706 0.0048926 0.0047013 0.0046372 0.0049576 0.3092900 
LIT3_Btau_P1a_LC537313        0.0048294 0.0830542 0.0045101 0.0047016 0.0045072 0.0688357 0.0835670 0.0838828 0.0828425 0.0043837 0.0835535 0.0045417 0.0047266 0.0039800 0.0835174 0.0040027 0.0040321 0.0045572 0.3212025 0.0158280 0.0528332 0.0802133 0.0759072 0.0815597 0.0847335 0.0840735 0.0838812 0.0856638 0.0851777 0.0842370 0.0011067 0.0011685 0.0003063 0.0001836 0.0001837 0.0002449 0.0002449 0.0003063 0.0000000 0.0003063 0.0002449 0.0001837 0.0001836 0.0074203 0.0074594 0.0075943 0.0072987 0.0076162 0.0076842 0.0068966 0.0043785 0.0045781 0.0043159 0.0044429 0.0043148 0.0043790 0.0045091 0.0043512 0.0843308 0.0838017 0.0836782 0.0887371 0.0843308 0.0045063 0.0048281 0.0046368 0.0045728 0.0048930 0.3094743 
LIT3_Btau_P1a_LC537314        0.0048941 0.0834271 0.0045746 0.0047662 0.0046994 0.0691592 0.0839406 0.0842594 0.0832170 0.0045758 0.0839283 0.0046807 0.0047916 0.0041091 0.0838912 0.0040033 0.0041010 0.0046224 0.3218716 0.0160416 0.0529393 0.0804682 0.0760691 0.0819203 0.0851005 0.0844388 0.0842461 0.0860337 0.0855460 0.0846028 0.0011687 0.0012305 0.0003677 0.0002450 0.0002450 0.0003063 0.0003063 0.0003677 0.0003063 0.0000000 0.0003063 0.0001217 0.0002450 0.0074868 0.0075280 0.0076618 0.0072997 0.0076828 0.0077515 0.0069639 0.0044428 0.0047708 0.0045078 0.0046349 0.0045066 0.0045709 0.0045736 0.0044161 0.0849279 0.0841758 0.0840520 0.0893543 0.0849279 0.0045707 0.0048928 0.0047014 0.0046373 0.0049577 0.3097833 
LIT3_Btau_P1a_LC537315        0.0048295 0.0832897 0.0045101 0.0047016 0.0046349 0.0689868 0.0838028 0.0841205 0.0830790 0.0043837 0.0837901 0.0046108 0.0047267 0.0041085 0.0837534 0.0040027 0.0041004 0.0045572 0.3219425 0.0159688 0.0528334 0.0803336 0.0760638 0.0816740 0.0849651 0.0843041 0.0841116 0.0856642 0.0854100 0.0844678 0.0011067 0.0011685 0.0003063 0.0001836 0.0001837 0.0000010 0.0002449 0.0003063 0.0002449 0.0003063 0.0000000 0.0001837 0.0001836 0.0075512 0.0075944 0.0077272 0.0073642 0.0077473 0.0078166 0.0069630 0.0043785 0.0047061 0.0044434 0.0045704 0.0043148 0.0045065 0.0045091 0.0043512 0.0846774 0.0840379 0.0839142 0.0890978 0.0846774 0.0045063 0.0048281 0.0046368 0.0045728 0.0048930 0.3092285 
LIT3_Btau_P1a_LC537316        0.0047656 0.0832941 0.0044464 0.0046378 0.0045712 0.0689914 0.0838072 0.0841249 0.0830833 0.0044476 0.0837945 0.0045419 0.0046625 0.0040444 0.0837577 0.0039372 0.0040322 0.0044928 0.3213206 0.0158989 0.0528332 0.0803332 0.0760691 0.0816781 0.0848539 0.0841934 0.0840009 0.0857852 0.0852986 0.0843570 0.0010450 0.0011067 0.0002449 0.0001217 0.0001217 0.0001837 0.0001837 0.0002450 0.0001837 0.0001217 0.0001837 0.0000000 0.0001217 0.0074860 0.0075272 0.0076610 0.0072990 0.0076820 0.0077507 0.0068968 0.0043149 0.0046423 0.0043798 0.0045068 0.0043787 0.0044428 0.0044454 0.0042872 0.0846817 0.0840422 0.0839185 0.0890974 0.0846817 0.0044427 0.0047643 0.0045731 0.0045091 0.0048291 0.3092269 
LIT3_Btau_P1a_LC537317        0.0047655 0.0832897 0.0044463 0.0046377 0.0045710 0.0686853 0.0835673 0.0838832 0.0828429 0.0044475 0.0835539 0.0045417 0.0046624 0.0040443 0.0835178 0.0038715 0.0040321 0.0044927 0.3219425 0.0158984 0.0526383 0.0803336 0.0759072 0.0816740 0.0848496 0.0841891 0.0839967 0.0857808 0.0852942 0.0843527 0.0010450 0.0011067 0.0002449 0.0001217 0.0001217 0.0001836 0.0000608 0.0002450 0.0001836 0.0002450 0.0001836 0.0001217 0.0000000 0.0074858 0.0075269 0.0076607 0.0072987 0.0076818 0.0077504 0.0068966 0.0043148 0.0046421 0.0043797 0.0045067 0.0043785 0.0044427 0.0044453 0.0042870 0.0844466 0.0838021 0.0836785 0.0888577 0.0844466 0.0044425 0.0047641 0.0045730 0.0045090 0.0048290 0.3092285 
LIT4_Bpri_C_HH13C             0.0073683 0.0816161 0.0070416 0.0073684 0.0070370 0.0667715 0.0819258 0.0823370 0.0812065 0.0068471 0.0819073 0.0067146 0.0073428 0.0067898 0.0818759 0.0066068 0.0068152 0.0071161 0.3233128 0.0154854 0.0524129 0.0797332 0.0753099 0.0818024 0.0850551 0.0843847 0.0840020 0.0857554 0.0852996 0.0843581 0.0072916 0.0072247 0.0075530 0.0074858 0.0074863 0.0075512 0.0074203 0.0076176 0.0074203 0.0074868 0.0075512 0.0074860 0.0074858 0.0000000 0.0019762 0.0019409 0.0013565 0.0012927 0.0014914 0.0012543 0.0071656 0.0071135 0.0068412 0.0069708 0.0068394 0.0069053 0.0070400 0.0068979 0.0837042 0.0821586 0.0820362 0.0877160 0.0837042 0.0069051 0.0074972 0.0070400 0.0069744 0.0074330 0.3077579 
LIT4_Bpri_C_HT07C             0.0069983 0.0821031 0.0065945 0.0069303 0.0066579 0.0686894 0.0827907 0.0829594 0.0821708 0.0065912 0.0828919 0.0065258 0.0069598 0.0065080 0.0828654 0.0062976 0.0065601 0.0066606 0.3247724 0.0155750 0.0534468 0.0802783 0.0750931 0.0811358 0.0837012 0.0830262 0.0829385 0.0845316 0.0841552 0.0831931 0.0072584 0.0068520 0.0075287 0.0075269 0.0073911 0.0075944 0.0075269 0.0075278 0.0074594 0.0075280 0.0075944 0.0075272 0.0075269 0.0019762 0.0000000 0.0028454 0.0020424 0.0010153 0.0013404 0.0007068 0.0067903 0.0065279 0.0064562 0.0065900 0.0064549 0.0065226 0.0067952 0.0064760 0.0835569 0.0828947 0.0829046 0.0877539 0.0835569 0.0063884 0.0071309 0.0066609 0.0064594 0.0069968 0.3067870 
LIT4_Bpri_C_ST07C             0.0074739 0.0822023 0.0072091 0.0075410 0.0072715 0.0671690 0.0823887 0.0828076 0.0816637 0.0072067 0.0823714 0.0070771 0.0074486 0.0072073 0.0823384 0.0069687 0.0072529 0.0073513 0.3262113 0.0152748 0.0524325 0.0812206 0.0772885 0.0827733 0.0858862 0.0852116 0.0850155 0.0867199 0.0863408 0.0853789 0.0074642 0.0072624 0.0075948 0.0076607 0.0076612 0.0077272 0.0075943 0.0076603 0.0075943 0.0076618 0.0077272 0.0076610 0.0076607 0.0019409 0.0028454 0.0000000 0.0018791 0.0018771 0.0022667 0.0019727 0.0074021 0.0073485 0.0070726 0.0071379 0.0070706 0.0071376 0.0073410 0.0071225 0.0836485 0.0826242 0.0825003 0.0874217 0.0836485 0.0071374 0.0077391 0.0072747 0.0072080 0.0074736 0.3054981 
LIT4_Bpri_C_ST08C             0.0071155 0.0814989 0.0067890 0.0071156 0.0068499 0.0658898 0.0818005 0.0822111 0.0810800 0.0067896 0.0817816 0.0065048 0.0070887 0.0065971 0.0817505 0.0064100 0.0065362 0.0068609 0.3249955 0.0149346 0.0522775 0.0798785 0.0754502 0.0815645 0.0847363 0.0840748 0.0836516 0.0854358 0.0851816 0.0842386 0.0071051 0.0070383 0.0072338 0.0072987 0.0072992 0.0073642 0.0072333 0.0074305 0.0072987 0.0072997 0.0073642 0.0072990 0.0072987 0.0013565 0.0020424 0.0018791 0.0000000 0.0011702 0.0013048 0.0010660 0.0069132 0.0068607 0.0066541 0.0067837 0.0066524 0.0067182 0.0067849 0.0065779 0.0835006 0.0820334 0.0819109 0.0875411 0.0835006 0.0066528 0.0071761 0.0066559 0.0067220 0.0071802 0.3070770 
LIT4_Bpri_C_ST09C             0.0075644 0.0813664 0.0072372 0.0074321 0.0072325 0.0664658 0.0816675 0.0820764 0.0809476 0.0070425 0.0816482 0.0067836 0.0075400 0.0068541 0.0816175 0.0067405 0.0068135 0.0073139 0.3226805 0.0154114 0.0523002 0.0801102 0.0751390 0.0819962 0.0849388 0.0842773 0.0842000 0.0856385 0.0853841 0.0844412 0.0074880 0.0072901 0.0076167 0.0076817 0.0076823 0.0077473 0.0076162 0.0078138 0.0076162 0.0076828 0.0077473 0.0076820 0.0076818 0.0012927 0.0010153 0.0018771 0.0011702 0.0000000 0.0004328 0.0003122 0.0073613 0.0073095 0.0070364 0.0071662 0.0070346 0.0071006 0.0072356 0.0070947 0.0837038 0.0818999 0.0817777 0.0873347 0.0837038 0.0069698 0.0076935 0.0072356 0.0070393 0.0074968 0.3070702 
LIT4_Bpri_C_YGZ02C            0.0076321 0.0820931 0.0072351 0.0075652 0.0072971 0.0671671 0.0822788 0.0825662 0.0815565 0.0072327 0.0822613 0.0071800 0.0076078 0.0071633 0.0822286 0.0069289 0.0072117 0.0073773 0.3225140 0.0150542 0.0528494 0.0802011 0.0757970 0.0821684 0.0850470 0.0843808 0.0843029 0.0858704 0.0854963 0.0845461 0.0075548 0.0073552 0.0076848 0.0077504 0.0077509 0.0078166 0.0076843 0.0078837 0.0076842 0.0077515 0.0078166 0.0077507 0.0077504 0.0014914 0.0013404 0.0022667 0.0013048 0.0004328 0.0000000 0.0007550 0.0074270 0.0073082 0.0070986 0.0072302 0.0070973 0.0071640 0.0073663 0.0069435 0.0833283 0.0825133 0.0823899 0.0868607 0.0833283 0.0069654 0.0076299 0.0072335 0.0070354 0.0076305 0.3062290 
LIT4_Btau-Bpri_C_XH10C_hybrid 0.0065738 0.0810709 0.0063095 0.0065732 0.0063714 0.0659553 0.0813743 0.0817845 0.0806473 0.0063044 0.0813540 0.0060841 0.0065269 0.0063452 0.0813238 0.0060848 0.0063321 0.0063728 0.3090517 0.0143586 0.0519874 0.0776588 0.0746341 0.0793688 0.0817947 0.0812625 0.0812916 0.0827261 0.0823611 0.0814247 0.0066998 0.0065002 0.0068306 0.0068966 0.0068971 0.0069630 0.0068303 0.0068974 0.0068966 0.0069639 0.0069630 0.0068968 0.0068966 0.0012543 0.0007068 0.0019727 0.0010660 0.0003122 0.0007550 0.0000000 0.0064357 0.0064478 0.0061732 0.0063045 0.0061715 0.0062382 0.0063741 0.0060906 0.0802504 0.0816084 0.0814853 0.0840626 0.0802504 0.0059736 0.0067707 0.0062413 0.0060431 0.0065720 0.2921813 
LIT4_Btau_T1_NJ26C            0.0010456 0.0838394 0.0006139 0.0009221 0.0006135 0.0687230 0.0841430 0.0843346 0.0834192 0.0006757 0.0841313 0.0009313 0.0009890 0.0005584 0.0840936 0.0005709 0.0007931 0.0005581 0.3241566 0.0162028 0.0524137 0.0816958 0.0768582 0.0838897 0.0871374 0.0864658 0.0865043 0.0880874 0.0875905 0.0866326 0.0043793 0.0039326 0.0041242 0.0043148 0.0041871 0.0043785 0.0042511 0.0044427 0.0043785 0.0044428 0.0043785 0.0043149 0.0043148 0.0071656 0.0067903 0.0074021 0.0069132 0.0073613 0.0074270 0.0064357 0.0000000 0.0007995 0.0005521 0.0005520 0.0005519 0.0006135 0.0007370 0.0004326 0.0852963 0.0843787 0.0842547 0.0899393 0.0852963 0.0006134 0.0009218 0.0007370 0.0006753 0.0009837 0.3056472 
LIT4_Btau_T3_BY02C            0.0011093 0.0849409 0.0006767 0.0009856 0.0005530 0.0697193 0.0852464 0.0854462 0.0845236 0.0004918 0.0852381 0.0009331 0.0010530 0.0005593 0.0851971 0.0006995 0.0008610 0.0006837 0.3262248 0.0163057 0.0533433 0.0825479 0.0775759 0.0846989 0.0878588 0.0871825 0.0872213 0.0888164 0.0883153 0.0873506 0.0045790 0.0041307 0.0044506 0.0046421 0.0045138 0.0047061 0.0045782 0.0047706 0.0045781 0.0047708 0.0047061 0.0046423 0.0046421 0.0071135 0.0065279 0.0073485 0.0068607 0.0073095 0.0073082 0.0064478 0.0007995 0.0000000 0.0002454 0.0003682 0.0004913 0.0003068 0.0009236 0.0003090 0.0862641 0.0854840 0.0853589 0.0910827 0.0862641 0.0006762 0.0010471 0.0008000 0.0007382 0.0010473 0.3092695 
LIT4_Btau_T3_CNN13            0.0008606 0.0843731 0.0004295 0.0007373 0.0003064 0.0690567 0.0846774 0.0848729 0.0839546 0.0002453 0.0846674 0.0006646 0.0008031 0.0003099 0.0846281 0.0004439 0.0005945 0.0004339 0.3245654 0.0159957 0.0528365 0.0819729 0.0773508 0.0840390 0.0872904 0.0866179 0.0866565 0.0882418 0.0877441 0.0867849 0.0043167 0.0038702 0.0041888 0.0043796 0.0042518 0.0044434 0.0043159 0.0045077 0.0043159 0.0045078 0.0044434 0.0043798 0.0043797 0.0068412 0.0064562 0.0070726 0.0066541 0.0070364 0.0070986 0.0061732 0.0005521 0.0002454 0.0000000 0.0001217 0.0002450 0.0000608 0.0006755 0.0002470 0.0857045 0.0849139 0.0847894 0.0904886 0.0857045 0.0004292 0.0008604 0.0005524 0.0004909 0.0007988 0.3078837 
LIT4_Btau_T3_DSG04C           0.0009839 0.0844775 0.0005525 0.0008605 0.0004291 0.0690360 0.0847818 0.0849780 0.0840594 0.0003681 0.0847721 0.0007979 0.0009271 0.0003720 0.0847325 0.0005074 0.0007269 0.0005581 0.3244968 0.0161348 0.0529261 0.0820798 0.0775149 0.0842563 0.0875109 0.0868375 0.0868762 0.0884638 0.0879652 0.0870048 0.0044436 0.0039966 0.0043157 0.0045066 0.0043787 0.0045704 0.0044429 0.0046348 0.0044429 0.0046349 0.0045704 0.0045068 0.0045067 0.0069708 0.0065900 0.0071379 0.0067837 0.0071662 0.0072302 0.0063045 0.0005520 0.0003682 0.0001217 0.0000000 0.0003677 0.0001837 0.0007987 0.0003707 0.0859231 0.0850184 0.0848938 0.0904735 0.0859231 0.0005520 0.0009837 0.0006755 0.0006139 0.0009221 0.3073207 
LIT4_Btau_T3_DSQN19           0.0009838 0.0841016 0.0005524 0.0008604 0.0004291 0.0688848 0.0844055 0.0845990 0.0836822 0.0002452 0.0843947 0.0007978 0.0009270 0.0003099 0.0843562 0.0005709 0.0007268 0.0005581 0.3236656 0.0158502 0.0526223 0.0815756 0.0773508 0.0838900 0.0872548 0.0865827 0.0866212 0.0879696 0.0877082 0.0867496 0.0043156 0.0039961 0.0041878 0.0043785 0.0042507 0.0043148 0.0043148 0.0045065 0.0043148 0.0045066 0.0043148 0.0043787 0.0043785 0.0068394 0.0064549 0.0070706 0.0066524 0.0070346 0.0070973 0.0061715 0.0005519 0.0004913 0.0002450 0.0003677 0.0000000 0.0003063 0.0007986 0.0003707 0.0855539 0.0846416 0.0845173 0.0904512 0.0855539 0.0004291 0.0009835 0.0005523 0.0004908 0.0009220 0.3072298 
