63
K0909                         0.0000000 0.0855736 0.0007985 0.0011071 0.0010461 0.0858962 0.0861003 0.0851638 0.0009851 0.0858878 0.0001846 0.0009956 0.0858457 0.0008067 0.3358973 0.0161735 0.0534856 0.0852686 0.0885696 0.0878821 0.0879361 0.0895681 0.0890463 0.0880662 0.0047067 0.0041304 0.0045782 0.0047700 0.0046415 0.0048341 0.0047060 0.0048987 0.0048340 0.0048988 0.0048341 0.0047701 0.0047700 0.0073758 0.0070053 0.0074816 0.0071236 0.0075723 0.0076401 0.0065792 0.0010458 0.0011097 0.0008608 0.0009841 0.0009840 0.0009223 0.0011704 0.0006807 0.0869425 0.0861373 0.0860107 0.0915812 0.0869425 0.0009223 0.0013561 0.0009217 0.0008600 0.0011688 0.3159611 
K0914                         0.0855736 0.0000000 0.0852276 0.0854380 0.0848377 0.0050719 0.0051668 0.0051061 0.0851134 0.0051547 0.0854304 0.0848729 0.0051426 0.0849466 0.2957385 0.0821457 0.0193828 0.0181595 0.0178816 0.0188667 0.0187083 0.0189670 0.0185540 0.0190156 0.0832621 0.0836227 0.0837932 0.0839035 0.0839142 0.0839039 0.0840229 0.0837743 0.0836653 0.0840436 0.0839039 0.0839083 0.0839039 0.0822063 0.0827004 0.0827991 0.0821009 0.0819534 0.0826904 0.0816551 0.0844618 0.0855937 0.0850041 0.0851098 0.0847285 0.0851046 0.0848216 0.0855025 0.0078420 0.0051382 0.0050715 0.0048540 0.0078420 0.0849629 0.0854315 0.0851724 0.0851833 0.0852932 0.2628914 
Z9850                         0.0007985 0.0852276 0.0000000 0.0006754 0.0006142 0.0855499 0.0857515 0.0848165 0.0005531 0.0855404 0.0007408 0.0006213 0.0854992 0.0000613 0.3357550 0.0162484 0.0530997 0.0851821 0.0884827 0.0877954 0.0878493 0.0894807 0.0889592 0.0879793 0.0043872 0.0039396 0.0042591 0.0044504 0.0043222 0.0045143 0.0043865 0.0045787 0.0045143 0.0045789 0.0045143 0.0044505 0.0044504 0.0070486 0.0066009 0.0072165 0.0067967 0.0072446 0.0072425 0.0063145 0.0006141 0.0006769 0.0004296 0.0005526 0.0005525 0.0004910 0.0007379 0.0002471 0.0868559 0.0857906 0.0856641 0.0914924 0.0868559 0.0004910 0.0009229 0.0004907 0.0004292 0.0007369 0.3158176 
Z9851                         0.0011071 0.0854380 0.0006754 0.0000000 0.0009225 0.0857603 0.0859633 0.0850278 0.0008616 0.0857515 0.0009888 0.0007459 0.0857097 0.0006823 0.3353884 0.0164608 0.0532830 0.0850819 0.0883771 0.0876920 0.0877448 0.0893732 0.0888527 0.0878756 0.0045789 0.0041305 0.0044505 0.0046421 0.0045137 0.0047061 0.0045781 0.0047706 0.0047061 0.0047708 0.0047061 0.0046422 0.0046421 0.0073760 0.0069372 0.0075489 0.0071238 0.0074398 0.0075732 0.0065786 0.0009223 0.0009859 0.0007374 0.0008607 0.0008606 0.0007990 0.0010467 0.0005567 0.0870164 0.0860012 0.0858746 0.0913803 0.0870164 0.0007989 0.0012322 0.0007984 0.0007368 0.0004291 0.3151201 
Z9852                         0.0010461 0.0848377 0.0006142 0.0009225 0.0000000 0.0851590 0.0853575 0.0844258 0.0003067 0.0851483 0.0009895 0.0002479 0.0851083 0.0006205 0.3325293 0.0162350 0.0531882 0.0848119 0.0881008 0.0874173 0.0874700 0.0890943 0.0885753 0.0878653 0.0045116 0.0040638 0.0043834 0.0045747 0.0044465 0.0046386 0.0045108 0.0047031 0.0045108 0.0047032 0.0046386 0.0045749 0.0045747 0.0070431 0.0066635 0.0072780 0.0068567 0.0072390 0.0073036 0.0063757 0.0006135 0.0005531 0.0003064 0.0004292 0.0004291 0.0003677 0.0008606 0.0004327 0.0862182 0.0853988 0.0852728 0.0910510 0.0862182 0.0006136 0.0010458 0.0007373 0.0006757 0.0009842 0.3151029 
Z9854                         0.0858962 0.0050719 0.0855499 0.0857603 0.0851590 0.0000000 0.0006397 0.0000010 0.0854351 0.0000628 0.0857531 0.0850584 0.0000627 0.0851390 0.2981821 0.0824645 0.0152169 0.0180071 0.0180199 0.0187000 0.0186303 0.0191022 0.0184762 0.0187876 0.0840659 0.0844278 0.0843250 0.0844355 0.0844462 0.0844359 0.0840779 0.0843060 0.0841969 0.0845759 0.0844359 0.0844403 0.0841973 0.0825329 0.0834107 0.0830010 0.0824193 0.0822712 0.0828915 0.0819753 0.0847827 0.0859167 0.0853257 0.0854315 0.0850497 0.0854263 0.0851428 0.0858275 0.0031556 0.0003176 0.0002540 0.0000642 0.0031556 0.0852844 0.0857534 0.0854944 0.0855053 0.0856153 0.2630482 
Z9855                         0.0861003 0.0051668 0.0857515 0.0859633 0.0853575 0.0006397 0.0000000 0.0006433 0.0856356 0.0007059 0.0859563 0.0852518 0.0007048 0.0853391 0.2958249 0.0825147 0.0157586 0.0181235 0.0181360 0.0188209 0.0187508 0.0191504 0.0185955 0.0189091 0.0842669 0.0847518 0.0846483 0.0847596 0.0847704 0.0847599 0.0843992 0.0846290 0.0845191 0.0849012 0.0847599 0.0847644 0.0845195 0.0829510 0.0835833 0.0834270 0.0828370 0.0826871 0.0831843 0.0823924 0.0849786 0.0861211 0.0855255 0.0856320 0.0852475 0.0856267 0.0853412 0.0860326 0.0031740 0.0007039 0.0006397 0.0007210 0.0031740 0.0854838 0.0859561 0.0856954 0.0857065 0.0858172 0.2608761 
Z9856                         0.0851638 0.0051061 0.0848165 0.0850278 0.0844258 0.0000010 0.0006433 0.0000000 0.0847024 0.0000632 0.0850197 0.0842817 0.0000631 0.0845319 0.2983681 0.0815948 0.0152563 0.0180669 0.0180796 0.0187648 0.0186946 0.0190788 0.0185393 0.0188530 0.0833310 0.0836938 0.0835907 0.0837015 0.0837122 0.0837018 0.0833429 0.0835717 0.0834622 0.0838421 0.0837018 0.0837062 0.0834626 0.0818041 0.0827831 0.0822665 0.0816893 0.0815419 0.0821596 0.0812389 0.0840487 0.0851835 0.0845927 0.0846988 0.0843162 0.0846936 0.0844097 0.0850892 0.0031776 0.0003197 0.0002557 0.0000646 0.0031776 0.0845515 0.0850219 0.0847613 0.0847722 0.0848826 0.2636062 
Z9857                         0.0009851 0.0851134 0.0005531 0.0008616 0.0003067 0.0854351 0.0856356 0.0847024 0.0000000 0.0854252 0.0009282 0.0003099 0.0853845 0.0005588 0.3319922 0.0159650 0.0531933 0.0842609 0.0876602 0.0869776 0.0870301 0.0884111 0.0881331 0.0871601 0.0043878 0.0039402 0.0042597 0.0044510 0.0043228 0.0043871 0.0043871 0.0045794 0.0043871 0.0045795 0.0043871 0.0044512 0.0044510 0.0068530 0.0065967 0.0072131 0.0067963 0.0070486 0.0072391 0.0063086 0.0006757 0.0004919 0.0002453 0.0003681 0.0002452 0.0003066 0.0007997 0.0003711 0.0857988 0.0856753 0.0855491 0.0908879 0.0857988 0.0005526 0.0009849 0.0006763 0.0006146 0.0009232 0.3136519 
Z9858                         0.0858878 0.0051547 0.0855404 0.0857515 0.0851483 0.0000628 0.0007059 0.0000632 0.0854252 0.0000000 0.0857442 0.0849887 0.0001274 0.0853531 0.2978833 0.0824455 0.0153416 0.0181427 0.0181551 0.0188382 0.0187682 0.0192422 0.0186134 0.0189262 0.0840518 0.0844149 0.0843118 0.0844225 0.0844333 0.0844229 0.0840638 0.0842926 0.0841832 0.0845634 0.0844229 0.0844274 0.0841836 0.0825141 0.0835137 0.0829835 0.0824001 0.0822516 0.0828737 0.0819547 0.0847709 0.0859083 0.0853155 0.0854217 0.0850387 0.0854164 0.0851321 0.0858187 0.0032310 0.0003823 0.0003185 0.0001302 0.0032310 0.0852741 0.0857446 0.0854847 0.0854957 0.0856060 0.2628329 
Z9860                         0.0001846 0.0854304 0.0007408 0.0009888 0.0009895 0.0857531 0.0859563 0.0850197 0.0009282 0.0857442 0.0000000 0.0009345 0.0857025 0.0007477 0.3370217 0.0159782 0.0533436 0.0847313 0.0879690 0.0872817 0.0873347 0.0889677 0.0884459 0.0875839 0.0045390 0.0040244 0.0044742 0.0046668 0.0045377 0.0047311 0.0046025 0.0047960 0.0047311 0.0047962 0.0047311 0.0046669 0.0046668 0.0073504 0.0069668 0.0074564 0.0070969 0.0075479 0.0076158 0.0065322 0.0009892 0.0010534 0.0008033 0.0009273 0.0009271 0.0008652 0.0011144 0.0006220 0.0865711 0.0859943 0.0858676 0.0915009 0.0865711 0.0008652 0.0013010 0.0008646 0.0008026 0.0010508 0.3161605 
Z9861                         0.0009956 0.0848729 0.0006213 0.0007459 0.0002479 0.0850584 0.0852518 0.0842817 0.0003099 0.0849887 0.0009345 0.0000000 0.0850076 0.0006266 0.3251799 0.0152120 0.0530372 0.0825211 0.0856764 0.0849962 0.0850482 0.0867796 0.0861468 0.0856887 0.0040479 0.0037253 0.0038545 0.0040473 0.0039183 0.0041117 0.0039830 0.0041765 0.0039830 0.0041123 0.0041117 0.0040474 0.0040473 0.0067955 0.0065133 0.0072137 0.0066035 0.0068599 0.0071697 0.0063494 0.0005584 0.0005594 0.0003099 0.0003720 0.0003099 0.0003720 0.0007453 0.0004378 0.0843436 0.0852987 0.0851725 0.0889224 0.0843436 0.0005584 0.0009947 0.0006211 0.0006211 0.0008706 0.3070797 
Z9863                         0.0858457 0.0051426 0.0854992 0.0857097 0.0851083 0.0000627 0.0007048 0.0000631 0.0853845 0.0001274 0.0857025 0.0850076 0.0000000 0.0852599 0.2975027 0.0822945 0.0153095 0.0181046 0.0181171 0.0187986 0.0187288 0.0192017 0.0185743 0.0188864 0.0840151 0.0843770 0.0842742 0.0843847 0.0843954 0.0843851 0.0840270 0.0842552 0.0841460 0.0845252 0.0843851 0.0843895 0.0841464 0.0824817 0.0834863 0.0829494 0.0823679 0.0822199 0.0828400 0.0819235 0.0847320 0.0858661 0.0852751 0.0853809 0.0849990 0.0853756 0.0850922 0.0857765 0.0032247 0.0003816 0.0003179 0.0001301 0.0032247 0.0852338 0.0857029 0.0854437 0.0854547 0.0855647 0.2624653 
Z9867                         0.0008067 0.0849466 0.0000613 0.0006823 0.0006205 0.0851390 0.0853391 0.0845319 0.0005588 0.0853531 0.0007477 0.0006266 0.0852599 0.0000000 0.3337187 0.0162811 0.0527712 0.0847179 0.0880425 0.0873508 0.0874040 0.0890453 0.0885219 0.0876555 0.0044331 0.0039807 0.0043036 0.0044969 0.0043674 0.0045615 0.0044324 0.0046266 0.0045615 0.0046267 0.0045615 0.0044971 0.0044969 0.0071233 0.0066671 0.0073589 0.0068687 0.0073214 0.0073850 0.0063780 0.0005582 0.0006839 0.0004340 0.0005582 0.0005582 0.0004961 0.0007454 0.0002496 0.0861566 0.0853808 0.0852538 0.0912115 0.0861566 0.0004960 0.0009324 0.0004957 0.0004336 0.0007444 0.3115129 
CORE_Bbub_outgroup2_NC006295  0.3358973 0.2957385 0.3357550 0.3353884 0.3325293 0.2981821 0.2958249 0.2983681 0.3319922 0.2978833 0.3370217 0.3251799 0.2975027 0.3337187 0.0000000 0.3324352 0.2876363 0.3043629 0.3161630 0.3133101 0.3113490 0.3208126 0.3143432 0.3145722 0.3290631 0.3294184 0.3299770 0.3305362 0.3308232 0.3307898 0.3310419 0.3313590 0.3300289 0.3307102 0.3307898 0.3301435 0.3307898 0.3322443 0.3337510 0.3352964 0.3340321 0.3315984 0.3314245 0.3172624 0.3330677 0.3352493 0.3334898 0.3334193 0.3325643 0.3336381 0.3330188 0.3389905 0.3200833 0.2984147 0.2981405 0.3121317 0.3200833 0.3342156 0.3343178 0.3347716 0.3350942 0.3359229 0.1630847 
CORE_Bind_T1_NC005971         0.0161735 0.0821457 0.0162484 0.0164608 0.0162350 0.0824645 0.0825147 0.0815948 0.0159650 0.0824455 0.0159782 0.0152120 0.0822945 0.0162811 0.3324352 0.0000000 0.0569080 0.0823106 0.0850508 0.0846390 0.0846919 0.0862574 0.0857770 0.0850526 0.0159255 0.0159225 0.0158518 0.0159200 0.0159212 0.0159906 0.0158495 0.0159220 0.0158495 0.0160637 0.0159906 0.0159206 0.0159201 0.0155080 0.0155990 0.0152944 0.0149576 0.0154338 0.0150766 0.0143784 0.0162299 0.0163355 0.0160222 0.0161617 0.0158762 0.0160902 0.0164484 0.0161607 0.0841245 0.0827012 0.0825770 0.0879262 0.0841245 0.0159451 0.0166594 0.0159551 0.0160283 0.0166720 0.3169985 
LIT1_Bgru_YakA_BG67           0.0534856 0.0193828 0.0530997 0.0532830 0.0531882 0.0152169 0.0157586 0.0152563 0.0531933 0.0153416 0.0533436 0.0530372 0.0153095 0.0527712 0.2876363 0.0569080 0.0000000 0.0292399 0.0296782 0.0301894 0.0300010 0.0308233 0.0299965 0.0301808 0.0527897 0.0530868 0.0530024 0.0530956 0.0531014 0.0530959 0.0528007 0.0529918 0.0530956 0.0532029 0.0530959 0.0530956 0.0528991 0.0526728 0.0537169 0.0526918 0.0525442 0.0525588 0.0531133 0.0522444 0.0526733 0.0536204 0.0531006 0.0531910 0.0528843 0.0531882 0.0529683 0.0533457 0.0173712 0.0152897 0.0152156 0.0156643 0.0173712 0.0530781 0.0534659 0.0530723 0.0530781 0.0531711 0.2584440 
LIT2_Bgru_YakX_AG036          0.0852686 0.0181595 0.0851821 0.0850819 0.0848119 0.0180071 0.0181235 0.0180669 0.0842609 0.0181427 0.0847313 0.0825211 0.0181046 0.0847179 0.3043629 0.0823106 0.0292399 0.0000000 0.0023745 0.0006816 0.0004332 0.0032033 0.0008681 0.0010553 0.0815909 0.0823152 0.0821938 0.0823006 0.0823108 0.0823010 0.0824161 0.0823164 0.0821852 0.0825510 0.0823010 0.0823052 0.0823010 0.0824308 0.0817534 0.0834282 0.0822143 0.0826406 0.0828144 0.0799636 0.0845620 0.0853970 0.0847139 0.0849342 0.0845624 0.0848119 0.0844741 0.0854252 0.0208695 0.0180811 0.0180056 0.0194529 0.0208695 0.0849082 0.0853032 0.0847507 0.0851231 0.0854467 0.2749804 
LIT2_Bgru_YakX_BS791          0.0885696 0.0178816 0.0884827 0.0883771 0.0881008 0.0180199 0.0181360 0.0180796 0.0876602 0.0181551 0.0879690 0.0856764 0.0181171 0.0880425 0.3161630 0.0850508 0.0296782 0.0023745 0.0000000 0.0026761 0.0026151 0.0023014 0.0022364 0.0031208 0.0850000 0.0857389 0.0854038 0.0855121 0.0855228 0.0856295 0.0856295 0.0855287 0.0853948 0.0857673 0.0856295 0.0855169 0.0855125 0.0857329 0.0843448 0.0865763 0.0854224 0.0856159 0.0857252 0.0824114 0.0878462 0.0885929 0.0880018 0.0882254 0.0879652 0.0881008 0.0877583 0.0884741 0.0213597 0.0180936 0.0180184 0.0195897 0.0213597 0.0883339 0.0886018 0.0881765 0.0885563 0.0887485 0.2855768 
LIT2_Bgru_YakX_UP174          0.0878821 0.0188667 0.0877954 0.0876920 0.0874173 0.0187000 0.0188209 0.0187648 0.0869776 0.0188382 0.0872817 0.0849962 0.0187986 0.0873508 0.3133101 0.0846390 0.0301894 0.0006816 0.0026761 0.0000000 0.0006785 0.0033762 0.0011121 0.0009258 0.0843225 0.0850579 0.0847327 0.0848406 0.0848511 0.0849574 0.0849574 0.0848570 0.0847238 0.0850945 0.0849574 0.0848453 0.0848409 0.0850511 0.0836585 0.0858901 0.0847495 0.0849432 0.0850466 0.0818706 0.0871639 0.0879045 0.0873186 0.0875413 0.0872824 0.0874173 0.0870760 0.0877823 0.0218120 0.0187742 0.0186985 0.0205005 0.0218120 0.0876494 0.0879158 0.0874920 0.0878690 0.0880617 0.2829045 
LIT2_Bgru_YakX_UP175          0.0879361 0.0187083 0.0878493 0.0877448 0.0874700 0.0186303 0.0187508 0.0186946 0.0870301 0.0187682 0.0873347 0.0850482 0.0187288 0.0874040 0.3113490 0.0846919 0.0300010 0.0004332 0.0026151 0.0006785 0.0000000 0.0033152 0.0009881 0.0011126 0.0838217 0.0846708 0.0845508 0.0846587 0.0846692 0.0847755 0.0847755 0.0846751 0.0845419 0.0849124 0.0847755 0.0846634 0.0846590 0.0846635 0.0835829 0.0857048 0.0843337 0.0848780 0.0849809 0.0819129 0.0872165 0.0879585 0.0873713 0.0875941 0.0873350 0.0874700 0.0871286 0.0880030 0.0214388 0.0187045 0.0186288 0.0200338 0.0214388 0.0877022 0.0879687 0.0875448 0.0879230 0.0881148 0.2823014 
LIT2_Bgru_YakX_UP193          0.0895681 0.0189670 0.0894807 0.0893732 0.0890943 0.0191022 0.0191504 0.0190788 0.0884111 0.0192422 0.0889677 0.0867796 0.0192017 0.0890453 0.3208126 0.0862574 0.0308233 0.0032033 0.0023014 0.0033762 0.0033152 0.0000000 0.0031863 0.0038888 0.0859664 0.0867105 0.0863728 0.0864820 0.0864929 0.0863642 0.0866003 0.0864989 0.0863638 0.0867394 0.0863642 0.0864868 0.0864824 0.0864690 0.0852147 0.0874484 0.0861576 0.0863513 0.0865872 0.0833820 0.0888375 0.0895926 0.0889947 0.0892199 0.0887180 0.0890943 0.0887494 0.0894787 0.0222199 0.0191767 0.0191006 0.0208344 0.0222199 0.0893291 0.0895996 0.0891713 0.0895543 0.0897477 0.2894328 
LIT2_Bgru_YakX_UP199          0.0890463 0.0185540 0.0889592 0.0888527 0.0885753 0.0184762 0.0185955 0.0185393 0.0881331 0.0186134 0.0884459 0.0861468 0.0185743 0.0885219 0.3143432 0.0857770 0.0299965 0.0008681 0.0022364 0.0011121 0.0009881 0.0031863 0.0000000 0.0014857 0.0852470 0.0859871 0.0858677 0.0859763 0.0859871 0.0860941 0.0860941 0.0859921 0.0858586 0.0862325 0.0860941 0.0859812 0.0859767 0.0859813 0.0848187 0.0870502 0.0858875 0.0860801 0.0861944 0.0829991 0.0883197 0.0890702 0.0884760 0.0887003 0.0884391 0.0885753 0.0882317 0.0889537 0.0215890 0.0185502 0.0184747 0.0201835 0.0215890 0.0888091 0.0890782 0.0886516 0.0890328 0.0892256 0.2857367 
LIT2_Bgru_YakX_UP203          0.0880662 0.0190156 0.0879793 0.0878756 0.0878653 0.0187876 0.0189091 0.0188530 0.0871601 0.0189262 0.0875839 0.0856887 0.0188864 0.0876555 0.3145722 0.0850526 0.0301808 0.0010553 0.0031208 0.0009258 0.0011126 0.0038888 0.0014857 0.0000000 0.0841803 0.0850313 0.0849115 0.0850196 0.0850302 0.0851366 0.0851366 0.0850361 0.0849026 0.0852739 0.0851366 0.0850243 0.0850200 0.0850245 0.0838411 0.0860733 0.0849288 0.0851225 0.0852275 0.0820479 0.0873466 0.0880888 0.0875016 0.0877246 0.0874653 0.0876004 0.0872588 0.0879674 0.0219013 0.0188618 0.0187860 0.0206544 0.0219013 0.0878328 0.0880997 0.0876744 0.0880530 0.0882459 0.2829748 
LIT3_Bpri_P_England_GU985279  0.0047067 0.0832621 0.0043872 0.0045789 0.0045116 0.0840659 0.0842669 0.0833310 0.0043878 0.0840518 0.0045390 0.0040479 0.0840151 0.0044331 0.3290631 0.0159255 0.0527897 0.0815909 0.0850000 0.0843225 0.0838217 0.0859664 0.0852470 0.0841803 0.0000000 0.0010449 0.0011074 0.0010450 0.0010450 0.0011068 0.0011068 0.0011687 0.0011068 0.0011687 0.0011068 0.0010450 0.0010450 0.0072971 0.0072637 0.0074699 0.0071113 0.0074937 0.0075606 0.0067044 0.0043826 0.0045832 0.0043200 0.0044471 0.0043189 0.0043831 0.0043863 0.0042268 0.0850870 0.0843040 0.0841790 0.0892791 0.0850870 0.0042554 0.0047054 0.0043863 0.0043223 0.0047704 0.3166541 
LIT3_Bpri_P_Poland_JQ437479   0.0041304 0.0836227 0.0039396 0.0041305 0.0040638 0.0844278 0.0847518 0.0836938 0.0039402 0.0844149 0.0040244 0.0037253 0.0843770 0.0039807 0.3294184 0.0159225 0.0530868 0.0823152 0.0857389 0.0850579 0.0846708 0.0867105 0.0859871 0.0850313 0.0010449 0.0000000 0.0011686 0.0011068 0.0009832 0.0011686 0.0011686 0.0011067 0.0011686 0.0012306 0.0011686 0.0011068 0.0011068 0.0072301 0.0068568 0.0072678 0.0070444 0.0072956 0.0073608 0.0065046 0.0039355 0.0041344 0.0038730 0.0039996 0.0039991 0.0039359 0.0039388 0.0037766 0.0853301 0.0846664 0.0845411 0.0896434 0.0853301 0.0039358 0.0042566 0.0040660 0.0040023 0.0043212 0.3166630 
LIT3_Btau_P1a_Korea_DQ124389  0.0045782 0.0837932 0.0042591 0.0044505 0.0043834 0.0843250 0.0846483 0.0835907 0.0042597 0.0843118 0.0044742 0.0038545 0.0842742 0.0043036 0.3299770 0.0158518 0.0530024 0.0821938 0.0854038 0.0847327 0.0845508 0.0863728 0.0858677 0.0849115 0.0011074 0.0011686 0.0000000 0.0002449 0.0002449 0.0003063 0.0003063 0.0003677 0.0003063 0.0003677 0.0003063 0.0002449 0.0002449 0.0075588 0.0075344 0.0076006 0.0072401 0.0076226 0.0076907 0.0068363 0.0041273 0.0044547 0.0041920 0.0043190 0.0041909 0.0042551 0.0042582 0.0040979 0.0852304 0.0845635 0.0844383 0.0895663 0.0852304 0.0042549 0.0045769 0.0043858 0.0043218 0.0046418 0.3169914 
LIT3_Btau_P1a_LC537308        0.0047700 0.0839035 0.0044504 0.0046421 0.0045747 0.0844355 0.0847596 0.0837015 0.0044510 0.0844225 0.0046668 0.0040473 0.0843847 0.0044969 0.3305362 0.0159200 0.0530956 0.0823006 0.0855121 0.0848406 0.0846587 0.0864820 0.0859763 0.0850196 0.0010450 0.0011068 0.0002449 0.0000000 0.0001215 0.0001836 0.0001836 0.0002450 0.0001836 0.0002450 0.0001836 0.0001215 0.0001215 0.0074914 0.0075326 0.0076667 0.0073052 0.0076877 0.0077564 0.0069014 0.0043182 0.0046465 0.0043831 0.0045102 0.0043819 0.0044462 0.0044494 0.0042903 0.0853377 0.0846741 0.0845488 0.0898116 0.0853377 0.0044460 0.0047686 0.0045773 0.0045132 0.0048336 0.3174932 
LIT3_Btau_P1a_LC537309        0.0046415 0.0839142 0.0043222 0.0045137 0.0044465 0.0844462 0.0847704 0.0837122 0.0043228 0.0844333 0.0045377 0.0039183 0.0843954 0.0043674 0.3308232 0.0159212 0.0531014 0.0823108 0.0855228 0.0848511 0.0846692 0.0864929 0.0859871 0.0850302 0.0010450 0.0009832 0.0002449 0.0001215 0.0000000 0.0001837 0.0001837 0.0002450 0.0001837 0.0002450 0.0001837 0.0001215 0.0001215 0.0074920 0.0073966 0.0076672 0.0073057 0.0076883 0.0077570 0.0069019 0.0041903 0.0045180 0.0042551 0.0043821 0.0042540 0.0043182 0.0043213 0.0041614 0.0853483 0.0846849 0.0845596 0.0896900 0.0853483 0.0043180 0.0046402 0.0044490 0.0043850 0.0047050 0.3172387 
LIT3_Btau_P1a_LC537310        0.0048341 0.0839039 0.0045143 0.0047061 0.0046386 0.0844359 0.0847599 0.0837018 0.0043871 0.0844229 0.0047311 0.0041117 0.0843851 0.0045615 0.3307898 0.0159906 0.0530959 0.0823010 0.0856295 0.0849574 0.0847755 0.0863642 0.0860941 0.0851366 0.0011068 0.0011686 0.0003063 0.0001836 0.0001837 0.0000000 0.0002449 0.0003063 0.0002449 0.0003063 0.0000010 0.0001837 0.0001836 0.0075570 0.0076002 0.0077332 0.0073707 0.0077534 0.0078227 0.0069678 0.0043819 0.0047106 0.0044469 0.0045741 0.0043182 0.0045100 0.0045133 0.0043546 0.0853380 0.0846745 0.0845492 0.0898120 0.0853380 0.0045099 0.0048327 0.0046412 0.0045771 0.0048977 0.3174948 
LIT3_Btau_P1a_LC537311        0.0047060 0.0840229 0.0043865 0.0045781 0.0045108 0.0840779 0.0843992 0.0833429 0.0043871 0.0840638 0.0046025 0.0039830 0.0840270 0.0044324 0.3310419 0.0158495 0.0528007 0.0824161 0.0856295 0.0849574 0.0847755 0.0866003 0.0860941 0.0851366 0.0011068 0.0011686 0.0003063 0.0001836 0.0001837 0.0002449 0.0000000 0.0003063 0.0002449 0.0003063 0.0002449 0.0001837 0.0000607 0.0074259 0.0075326 0.0076001 0.0072397 0.0076221 0.0076902 0.0068350 0.0042544 0.0045825 0.0043193 0.0044464 0.0043182 0.0043824 0.0043856 0.0042261 0.0849871 0.0843160 0.0841910 0.0895685 0.0849871 0.0043823 0.0047046 0.0045134 0.0044493 0.0047696 0.3174948 
LIT3_Btau_P1a_LC537312        0.0048987 0.0837743 0.0045787 0.0047706 0.0047031 0.0843060 0.0846290 0.0835717 0.0045794 0.0842926 0.0047960 0.0041765 0.0842552 0.0046266 0.3313590 0.0159220 0.0529918 0.0823164 0.0855287 0.0848570 0.0846751 0.0864989 0.0859921 0.0850361 0.0011687 0.0011067 0.0003677 0.0002450 0.0002450 0.0003063 0.0003063 0.0000000 0.0003063 0.0003677 0.0003063 0.0002450 0.0002450 0.0076234 0.0075335 0.0076662 0.0074371 0.0078200 0.0078899 0.0069022 0.0044462 0.0047752 0.0045113 0.0046385 0.0045101 0.0045744 0.0045778 0.0044194 0.0850939 0.0845444 0.0844192 0.0895574 0.0850939 0.0045743 0.0048973 0.0047057 0.0046416 0.0049624 0.3175585 
LIT3_Btau_P1a_LC537313        0.0048340 0.0836653 0.0045143 0.0047061 0.0045108 0.0841969 0.0845191 0.0834622 0.0043871 0.0841832 0.0047311 0.0039830 0.0841460 0.0045615 0.3300289 0.0158495 0.0530956 0.0821852 0.0853948 0.0847238 0.0845419 0.0863638 0.0858586 0.0849026 0.0011068 0.0011686 0.0003063 0.0001836 0.0001837 0.0002449 0.0002449 0.0003063 0.0000000 0.0003063 0.0002449 0.0001837 0.0001836 0.0074259 0.0074650 0.0076001 0.0073052 0.0076221 0.0076902 0.0069014 0.0043819 0.0045825 0.0043193 0.0044464 0.0043182 0.0043824 0.0045133 0.0043546 0.0849868 0.0844352 0.0843100 0.0894463 0.0849868 0.0045099 0.0048327 0.0046412 0.0045771 0.0048977 0.3177476 
LIT3_Btau_P1a_LC537314        0.0048988 0.0840436 0.0045789 0.0047708 0.0047032 0.0845759 0.0849012 0.0838421 0.0045795 0.0845634 0.0047962 0.0041123 0.0845252 0.0046267 0.3307102 0.0160637 0.0532029 0.0825510 0.0857673 0.0850945 0.0849124 0.0867394 0.0862325 0.0852739 0.0011687 0.0012306 0.0003677 0.0002450 0.0002450 0.0003063 0.0003063 0.0003677 0.0003063 0.0000000 0.0003063 0.0001215 0.0002450 0.0074925 0.0075337 0.0076678 0.0073062 0.0076888 0.0077576 0.0069689 0.0044463 0.0047753 0.0045114 0.0046387 0.0045102 0.0045746 0.0045779 0.0044195 0.0855925 0.0848147 0.0846893 0.0900725 0.0855925 0.0045744 0.0048975 0.0047059 0.0046417 0.0049625 0.3180658 
LIT3_Btau_P1a_LC537315        0.0048341 0.0839039 0.0045143 0.0047061 0.0046386 0.0844359 0.0847599 0.0837018 0.0043871 0.0844229 0.0047311 0.0041117 0.0843851 0.0045615 0.3307898 0.0159906 0.0530959 0.0823010 0.0856295 0.0849574 0.0847755 0.0863642 0.0860941 0.0851366 0.0011068 0.0011686 0.0003063 0.0001836 0.0001837 0.0000010 0.0002449 0.0003063 0.0002449 0.0003063 0.0000000 0.0001837 0.0001836 0.0075570 0.0076002 0.0077332 0.0073707 0.0077534 0.0078227 0.0069678 0.0043819 0.0047106 0.0044469 0.0045741 0.0043182 0.0045100 0.0045133 0.0043546 0.0853380 0.0846745 0.0845492 0.0898120 0.0853380 0.0045099 0.0048327 0.0046412 0.0045771 0.0048977 0.3174948 
LIT3_Btau_P1a_LC537316        0.0047701 0.0839083 0.0044505 0.0046422 0.0045749 0.0844403 0.0847644 0.0837062 0.0044512 0.0844274 0.0046669 0.0040474 0.0843895 0.0044971 0.3301435 0.0159206 0.0530956 0.0823052 0.0855169 0.0848453 0.0846634 0.0864868 0.0859812 0.0850243 0.0010450 0.0011068 0.0002449 0.0001215 0.0001215 0.0001837 0.0001837 0.0002450 0.0001837 0.0001215 0.0001837 0.0000000 0.0001215 0.0074917 0.0075329 0.0076669 0.0073054 0.0076880 0.0077567 0.0069016 0.0043183 0.0046467 0.0043832 0.0045104 0.0043821 0.0044464 0.0044496 0.0042905 0.0853424 0.0846789 0.0845536 0.0898116 0.0853424 0.0044462 0.0047688 0.0045774 0.0045133 0.0048338 0.3174932 
LIT3_Btau_P1a_LC537317        0.0047700 0.0839039 0.0044504 0.0046421 0.0045747 0.0841973 0.0845195 0.0834626 0.0044510 0.0841836 0.0046668 0.0040473 0.0841464 0.0044969 0.3307898 0.0159201 0.0528991 0.0823010 0.0855125 0.0848409 0.0846590 0.0864824 0.0859767 0.0850200 0.0010450 0.0011068 0.0002449 0.0001215 0.0001215 0.0001836 0.0000607 0.0002450 0.0001836 0.0002450 0.0001836 0.0001215 0.0000000 0.0074915 0.0075326 0.0076667 0.0073052 0.0076877 0.0077565 0.0069014 0.0043182 0.0046465 0.0043831 0.0045102 0.0043819 0.0044462 0.0044494 0.0042904 0.0851042 0.0844356 0.0843104 0.0895685 0.0851042 0.0044461 0.0047687 0.0045773 0.0045132 0.0048336 0.3174948 
LIT4_Bpri_C_HH13C             0.0073758 0.0822063 0.0070486 0.0073760 0.0070431 0.0825329 0.0829510 0.0818041 0.0068530 0.0825141 0.0073504 0.0067955 0.0824817 0.0071233 0.3322443 0.0155080 0.0526728 0.0824308 0.0857329 0.0850511 0.0846635 0.0864690 0.0859813 0.0850245 0.0072971 0.0072301 0.0075588 0.0074914 0.0074920 0.0075570 0.0074259 0.0076234 0.0074259 0.0074925 0.0075570 0.0074917 0.0074915 0.0000000 0.0019764 0.0019412 0.0013568 0.0012929 0.0014916 0.0012544 0.0071719 0.0071208 0.0068471 0.0069768 0.0068452 0.0069112 0.0070471 0.0069037 0.0843627 0.0827692 0.0826452 0.0884227 0.0843627 0.0069110 0.0075049 0.0070471 0.0069815 0.0074408 0.3160780 
LIT4_Bpri_C_HT07C             0.0070053 0.0827004 0.0066009 0.0069372 0.0066635 0.0834107 0.0835833 0.0827831 0.0065967 0.0835137 0.0069668 0.0065133 0.0834863 0.0066671 0.3337510 0.0155990 0.0537169 0.0817534 0.0843448 0.0836585 0.0835829 0.0852147 0.0848187 0.0838411 0.0072637 0.0068568 0.0075344 0.0075326 0.0073966 0.0076002 0.0075326 0.0075335 0.0074650 0.0075337 0.0076002 0.0075329 0.0075326 0.0019764 0.0000000 0.0028461 0.0020430 0.0010154 0.0013405 0.0007069 0.0067960 0.0065333 0.0064614 0.0065954 0.0064602 0.0065280 0.0068019 0.0064813 0.0842021 0.0835162 0.0835267 0.0884461 0.0842021 0.0063936 0.0071381 0.0066674 0.0064656 0.0070038 0.3150370 
LIT4_Bpri_C_ST07C             0.0074816 0.0827991 0.0072165 0.0075489 0.0072780 0.0830010 0.0834270 0.0822665 0.0072131 0.0829835 0.0074564 0.0072137 0.0829494 0.0073589 0.3352964 0.0152944 0.0526918 0.0834282 0.0865763 0.0858901 0.0857048 0.0874484 0.0870502 0.0860733 0.0074699 0.0072678 0.0076006 0.0076667 0.0076672 0.0077332 0.0076001 0.0076662 0.0076001 0.0076678 0.0077332 0.0076669 0.0076667 0.0019412 0.0028461 0.0000000 0.0018796 0.0018774 0.0022671 0.0019730 0.0074087 0.0073561 0.0070788 0.0071442 0.0070768 0.0071439 0.0073486 0.0071287 0.0843043 0.0832401 0.0831146 0.0881215 0.0843043 0.0071437 0.0077474 0.0072822 0.0072154 0.0074814 0.3137064 
LIT4_Bpri_C_ST08C             0.0071236 0.0821009 0.0067967 0.0071238 0.0068567 0.0824193 0.0828370 0.0816893 0.0067963 0.0824001 0.0070969 0.0066035 0.0823679 0.0068687 0.3340321 0.0149576 0.0525442 0.0822143 0.0854224 0.0847495 0.0843337 0.0861576 0.0858875 0.0849288 0.0071113 0.0070444 0.0072401 0.0073052 0.0073057 0.0073707 0.0072397 0.0074371 0.0073052 0.0073062 0.0073707 0.0073054 0.0073052 0.0013568 0.0020430 0.0018796 0.0000000 0.0011705 0.0013051 0.0010662 0.0069201 0.0068686 0.0066607 0.0067904 0.0066589 0.0067249 0.0067916 0.0065843 0.0841688 0.0826557 0.0825316 0.0882592 0.0841688 0.0066594 0.0071834 0.0066634 0.0067296 0.0071885 0.3154288 
LIT4_Bpri_C_ST09C             0.0075723 0.0819534 0.0072446 0.0074398 0.0072390 0.0822712 0.0826871 0.0815419 0.0070486 0.0822516 0.0075479 0.0068599 0.0822199 0.0073214 0.3315984 0.0154338 0.0525588 0.0826406 0.0856159 0.0849432 0.0848780 0.0863513 0.0860801 0.0851225 0.0074937 0.0072956 0.0076226 0.0076877 0.0076883 0.0077534 0.0076221 0.0078200 0.0076221 0.0076888 0.0077534 0.0076880 0.0076877 0.0012929 0.0010154 0.0018774 0.0011705 0.0000000 0.0004328 0.0003122 0.0073679 0.0073171 0.0070426 0.0071725 0.0070407 0.0071068 0.0072430 0.0071009 0.0843633 0.0825071 0.0823833 0.0880356 0.0843633 0.0069759 0.0077016 0.0072431 0.0070464 0.0075046 0.3153272 
LIT4_Bpri_C_YGZ02C            0.0076401 0.0826904 0.0072425 0.0075732 0.0073036 0.0828915 0.0831843 0.0821596 0.0072391 0.0828737 0.0076158 0.0071697 0.0828400 0.0073850 0.3314245 0.0150766 0.0531133 0.0828144 0.0857252 0.0850466 0.0849809 0.0865872 0.0861944 0.0852275 0.0075606 0.0073608 0.0076907 0.0077564 0.0077570 0.0078227 0.0076902 0.0078899 0.0076902 0.0077576 0.0078227 0.0077567 0.0077565 0.0014916 0.0013405 0.0022671 0.0013051 0.0004328 0.0000000 0.0007551 0.0074337 0.0073158 0.0071049 0.0072366 0.0071035 0.0071703 0.0073739 0.0069495 0.0839825 0.0831295 0.0830046 0.0875535 0.0839825 0.0069714 0.0076379 0.0072409 0.0070426 0.0076385 0.3144509 
LIT4_Btau-Bpri_C_XH10C_hybrid 0.0065792 0.0816551 0.0063145 0.0065786 0.0063757 0.0819753 0.0823924 0.0812389 0.0063086 0.0819547 0.0065322 0.0063494 0.0819235 0.0063780 0.3172624 0.0143784 0.0522444 0.0799636 0.0824114 0.0818706 0.0819129 0.0833820 0.0829991 0.0820479 0.0067044 0.0065046 0.0068363 0.0069014 0.0069019 0.0069678 0.0068350 0.0069022 0.0069014 0.0069689 0.0069678 0.0069016 0.0069014 0.0012544 0.0007069 0.0019730 0.0010662 0.0003122 0.0007551 0.0000000 0.0064400 0.0064531 0.0061772 0.0063087 0.0061755 0.0062423 0.0063793 0.0060945 0.0808474 0.0822129 0.0820882 0.0847007 0.0808474 0.0059774 0.0067764 0.0062463 0.0060478 0.0065774 0.2995868 
LIT4_Btau_T1_NJ26C            0.0010458 0.0844618 0.0006141 0.0009223 0.0006135 0.0847827 0.0849786 0.0840487 0.0006757 0.0847709 0.0009892 0.0005584 0.0847320 0.0005582 0.3330677 0.0162299 0.0526733 0.0845620 0.0878462 0.0871639 0.0872165 0.0888375 0.0883197 0.0873466 0.0043826 0.0039355 0.0041273 0.0043182 0.0041903 0.0043819 0.0042544 0.0044462 0.0043819 0.0044463 0.0043819 0.0043183 0.0043182 0.0071719 0.0067960 0.0074087 0.0069201 0.0073679 0.0074337 0.0064400 0.0000000 0.0007996 0.0005521 0.0005520 0.0005519 0.0006135 0.0007371 0.0004326 0.0859668 0.0850221 0.0848964 0.0906656 0.0859668 0.0006135 0.0009220 0.0007371 0.0006755 0.0009839 0.3137652 
LIT4_Btau_T3_BY02C            0.0011097 0.0855937 0.0006769 0.0009859 0.0005531 0.0859167 0.0861211 0.0851835 0.0004919 0.0859083 0.0010534 0.0005594 0.0858661 0.0006839 0.3352493 0.0163355 0.0536204 0.0853970 0.0885929 0.0879045 0.0879585 0.0895926 0.0890702 0.0880888 0.0045832 0.0041344 0.0044547 0.0046465 0.0045180 0.0047106 0.0045825 0.0047752 0.0045825 0.0047753 0.0047106 0.0046467 0.0046465 0.0071208 0.0065333 0.0073561 0.0068686 0.0073171 0.0073158 0.0064531 0.0007996 0.0000000 0.0002454 0.0003683 0.0004913 0.0003068 0.0009239 0.0003090 0.0869637 0.0861581 0.0860313 0.0918421 0.0869637 0.0006763 0.0010475 0.0008003 0.0007385 0.0010477 0.3175461 
LIT4_Btau_T3_CNN13            0.0008608 0.0850041 0.0004296 0.0007374 0.0003064 0.0853257 0.0855255 0.0845927 0.0002453 0.0853155 0.0008033 0.0003099 0.0852751 0.0004340 0.3334898 0.0160222 0.0531006 0.0847139 0.0880018 0.0873186 0.0873713 0.0889947 0.0884760 0.0875016 0.0043200 0.0038730 0.0041920 0.0043831 0.0042551 0.0044469 0.0043193 0.0045113 0.0043193 0.0045114 0.0044469 0.0043832 0.0043831 0.0068471 0.0064614 0.0070788 0.0066607 0.0070426 0.0071049 0.0061772 0.0005521 0.0002454 0.0000000 0.0001215 0.0002450 0.0000607 0.0006757 0.0002470 0.0863821 0.0855659 0.0854397 0.0912242 0.0863821 0.0004292 0.0008605 0.0005525 0.0004910 0.0007990 0.3160678 
LIT4_Btau_T3_DSG04C           0.0009841 0.0851098 0.0005526 0.0008607 0.0004292 0.0854315 0.0856320 0.0846988 0.0003681 0.0854217 0.0009273 0.0003720 0.0853809 0.0005582 0.3334193 0.0161617 0.0531910 0.0849342 0.0882254 0.0875413 0.0875941 0.0892199 0.0887003 0.0877246 0.0044471 0.0039996 0.0043190 0.0045102 0.0043821 0.0045741 0.0044464 0.0046385 0.0044464 0.0046387 0.0045741 0.0045104 0.0045102 0.0069768 0.0065954 0.0071442 0.0067904 0.0071725 0.0072366 0.0063087 0.0005520 0.0003683 0.0001215 0.0000000 0.0003677 0.0001837 0.0007989 0.0003708 0.0866037 0.0856718 0.0855456 0.0912090 0.0866037 0.0005521 0.0009839 0.0006756 0.0006140 0.0009223 0.3154885 
LIT4_Btau_T3_DSQN19           0.0009840 0.0847285 0.0005525 0.0008606 0.0004291 0.0850497 0.0852475 0.0843162 0.0002452 0.0850387 0.0009271 0.0003099 0.0849990 0.0005582 0.3325643 0.0158762 0.0528843 0.0845624 0.0879652 0.0872824 0.0873350 0.0887180 0.0884391 0.0874653 0.0043189 0.0039991 0.0041909 0.0043819 0.0042540 0.0043182 0.0043182 0.0045101 0.0043182 0.0045102 0.0043182 0.0043821 0.0043819 0.0068452 0.0064602 0.0070768 0.0066589 0.0070407 0.0071035 0.0061755 0.0005519 0.0004913 0.0002450 0.0003677 0.0000000 0.0003063 0.0007987 0.0003707 0.0862290 0.0852894 0.0851635 0.0911858 0.0862290 0.0004291 0.0009837 0.0005524 0.0004909 0.0009222 0.3153943 
LIT4_Btau_T3_DSQN4            0.0009223 0.0851046 0.0004910 0.0007990 0.0003677 0.0854263 0.0856267 0.0846936 0.0003066 0.0854164 0.0008652 0.0003720 0.0853756 0.0004961 0.3336381 0.0160902 0.0531882 0.0848119 0.0881008 0.0874173 0.0874700 0.0890943 0.0885753 0.0876004 0.0043831 0.0039359 0.0042551 0.0044462 0.0043182 0.0045100 0.0043824 0.0045744 0.0043824 0.0045746 0.0045100 0.0044464 0.0044462 0.0069112 0.0065280 0.0071439 0.0067249 0.0071068 0.0071703 0.0062423 0.0006135 0.0003068 0.0000607 0.0001837 0.0003063 0.0000000 0.0007372 0.0003089 0.0864805 0.0856665 0.0855403 0.0913259 0.0864805 0.0004906 0.0009221 0.0006140 0.0005524 0.0008606 0.3162208 
LIT4_Btau_T3_NJ09C            0.0011704 0.0848216 0.0007379 0.0010467 0.0008606 0.0851428 0.0853412 0.0844097 0.0007997 0.0851321 0.0011144 0.0007453 0.0850922 0.0007454 0.3330188 0.0164484 0.0529683 0.0844741 0.0877583 0.0870760 0.0871286 0.0887494 0.0882317 0.0872588 0.0043863 0.0039388 0.0042582 0.0044494 0.0043213 0.0045133 0.0043856 0.0045778 0.0045133 0.0045779 0.0045133 0.0044496 0.0044494 0.0070471 0.0068019 0.0073486 0.0067916 0.0072430 0.0073739 0.0063793 0.0007371 0.0009239 0.0006757 0.0007989 0.0007987 0.0007372 0.0000000 0.0005570 0.0861409 0.0853826 0.0852566 0.0911623 0.0861409 0.0007372 0.0005519 0.0007990 0.0007994 0.0011084 0.3149678 
LIT4_Btau_T3_XH08C            0.0006807 0.0855025 0.0002471 0.0005567 0.0004327 0.0858275 0.0860326 0.0850892 0.0003711 0.0858187 0.0006220 0.0004378 0.0857765 0.0002496 0.3389905 0.0161607 0.0533457 0.0854252 0.0884741 0.0877823 0.0880030 0.0894787 0.0889537 0.0879674 0.0042268 0.0037766 0.0040979 0.0042903 0.0041614 0.0043546 0.0042261 0.0044194 0.0043546 0.0044195 0.0043546 0.0042905 0.0042904 0.0069037 0.0064813 0.0071287 0.0065843 0.0071009 0.0069495 0.0060945 0.0004326 0.0003090 0.0002470 0.0003708 0.0003707 0.0003089 0.0005570 0.0000000 0.0870114 0.0860703 0.0859427 0.0918851 0.0870114 0.0003089 0.0006810 0.0003707 0.0003089 0.0006186 0.3198605 
MOD_Bmut_yak_KM233417         0.0869425 0.0078420 0.0868559 0.0870164 0.0862182 0.0031556 0.0031740 0.0031776 0.0857988 0.0032310 0.0865711 0.0843436 0.0032247 0.0861566 0.3200833 0.0841245 0.0173712 0.0208695 0.0213597 0.0218120 0.0214388 0.0222199 0.0215890 0.0219013 0.0850870 0.0853301 0.0852304 0.0853377 0.0853483 0.0853380 0.0849871 0.0850939 0.0849868 0.0855925 0.0853380 0.0853424 0.0851042 0.0843627 0.0842021 0.0843043 0.0841688 0.0843633 0.0839825 0.0808474 0.0859668 0.0869637 0.0863821 0.0866037 0.0862290 0.0864805 0.0861409 0.0870114 0.0000000 0.0033515 0.0032860 0.0046271 0.0000010 0.0867113 0.0869758 0.0867900 0.0869297 0.0871207 0.2868239 
MOD_Bmut_yak_KR106993         0.0861373 0.0051382 0.0857906 0.0860012 0.0853988 0.0003176 0.0007039 0.0003197 0.0856753 0.0003823 0.0859943 0.0852987 0.0003816 0.0853808 0.2984147 0.0827012 0.0152897 0.0180811 0.0180936 0.0187742 0.0187045 0.0191767 0.0185502 0.0188618 0.0843040 0.0846664 0.0845635 0.0846741 0.0846849 0.0846745 0.0843160 0.0845444 0.0844352 0.0848147 0.0846745 0.0846789 0.0844356 0.0827692 0.0835162 0.0832401 0.0826557 0.0825071 0.0831295 0.0822129 0.0850221 0.0861581 0.0855659 0.0856718 0.0852894 0.0856665 0.0853826 0.0860703 0.0033515 0.0000000 0.0003175 0.0003904 0.0033515 0.0855244 0.0859939 0.0857348 0.0857458 0.0858559 0.2632800 
MOD_Bmut_yak_KY829451         0.0860107 0.0050715 0.0856641 0.0858746 0.0852728 0.0002540 0.0006397 0.0002557 0.0855491 0.0003185 0.0858676 0.0851725 0.0003179 0.0852538 0.2981405 0.0825770 0.0152156 0.0180056 0.0180184 0.0186985 0.0186288 0.0191006 0.0184747 0.0187860 0.0841790 0.0845411 0.0844383 0.0845488 0.0845596 0.0845492 0.0841910 0.0844192 0.0843100 0.0846893 0.0845492 0.0845536 0.0843104 0.0826452 0.0835267 0.0831146 0.0825316 0.0823833 0.0830046 0.0820882 0.0848964 0.0860313 0.0854397 0.0855456 0.0851635 0.0855403 0.0852566 0.0859427 0.0032860 0.0003175 0.0000000 0.0003252 0.0032860 0.0853983 0.0858676 0.0856085 0.0856195 0.0857295 0.2630137 
MOD_Bmut_yak_MK033130         0.0915812 0.0048540 0.0914924 0.0913803 0.0910510 0.0000642 0.0007210 0.0000646 0.0908879 0.0001302 0.0915009 0.0889224 0.0001301 0.0912115 0.3121317 0.0879262 0.0156643 0.0194529 0.0195897 0.0205005 0.0200338 0.0208344 0.0201835 0.0206544 0.0892791 0.0896434 0.0895663 0.0898116 0.0896900 0.0898120 0.0895685 0.0895574 0.0894463 0.0900725 0.0898120 0.0898116 0.0895685 0.0884227 0.0884461 0.0881215 0.0882592 0.0880356 0.0875535 0.0847007 0.0906656 0.0918421 0.0912242 0.0912090 0.0911858 0.0913259 0.0911623 0.0918851 0.0046271 0.0003904 0.0003252 0.0000000 0.0046271 0.0912912 0.0920353 0.0914201 0.0912912 0.0914882 0.2867276 
MOD_Bmut_yak_NC025563         0.0869425 0.0078420 0.0868559 0.0870164 0.0862182 0.0031556 0.0031740 0.0031776 0.0857988 0.0032310 0.0865711 0.0843436 0.0032247 0.0861566 0.3200833 0.0841245 0.0173712 0.0208695 0.0213597 0.0218120 0.0214388 0.0222199 0.0215890 0.0219013 0.0850870 0.0853301 0.0852304 0.0853377 0.0853483 0.0853380 0.0849871 0.0850939 0.0849868 0.0855925 0.0853380 0.0853424 0.0851042 0.0843627 0.0842021 0.0843043 0.0841688 0.0843633 0.0839825 0.0808474 0.0859668 0.0869637 0.0863821 0.0866037 0.0862290 0.0864805 0.0861409 0.0870114 0.0000010 0.0033515 0.0032860 0.0046271 0.0000000 0.0867113 0.0869758 0.0867900 0.0869297 0.0871207 0.2868239 
MOD_Btau_T3_OQ513044          0.0009223 0.0849629 0.0004910 0.0007989 0.0006136 0.0852844 0.0854838 0.0845515 0.0005526 0.0852741 0.0008652 0.0005584 0.0852338 0.0004960 0.3342156 0.0159451 0.0530781 0.0849082 0.0883339 0.0876494 0.0877022 0.0893291 0.0888091 0.0878328 0.0042554 0.0039358 0.0042549 0.0044460 0.0043180 0.0045099 0.0043823 0.0045743 0.0045099 0.0045744 0.0045099 0.0044462 0.0044461 0.0069110 0.0063936 0.0071437 0.0066594 0.0069759 0.0069714 0.0059774 0.0006135 0.0006763 0.0004292 0.0005521 0.0004291 0.0004906 0.0007372 0.0003089 0.0867113 0.0855244 0.0853983 0.0912912 0.0867113 0.0000000 0.0009221 0.0003679 0.0000607 0.0008605 0.3150780 
MOD_Btau_T3_OQ513045          0.0013561 0.0854315 0.0009229 0.0012322 0.0010458 0.0857534 0.0859561 0.0850219 0.0009849 0.0857446 0.0013010 0.0009947 0.0857029 0.0009324 0.3343178 0.0166594 0.0534659 0.0853032 0.0886018 0.0879158 0.0879687 0.0895996 0.0890782 0.0880997 0.0047054 0.0042566 0.0045769 0.0047686 0.0046402 0.0048327 0.0047046 0.0048973 0.0048327 0.0048975 0.0048327 0.0047688 0.0047687 0.0075049 0.0071381 0.0077474 0.0071834 0.0077016 0.0076379 0.0067764 0.0009220 0.0010475 0.0008605 0.0009839 0.0009837 0.0009221 0.0005519 0.0006810 0.0869758 0.0859939 0.0858676 0.0920353 0.0869758 0.0009221 0.0000000 0.0009840 0.0009845 0.0012940 0.3162778 
MOD_Btau_T3_OQ513046          0.0009217 0.0851724 0.0004907 0.0007984 0.0007373 0.0854944 0.0856954 0.0847613 0.0006763 0.0854847 0.0008646 0.0006211 0.0854437 0.0004957 0.3347716 0.0159551 0.0530723 0.0847507 0.0881765 0.0874920 0.0875448 0.0891713 0.0886516 0.0876744 0.0043863 0.0040660 0.0043858 0.0045773 0.0044490 0.0046412 0.0045134 0.0047057 0.0046412 0.0047059 0.0046412 0.0045774 0.0045773 0.0070471 0.0066674 0.0072822 0.0066634 0.0072431 0.0072409 0.0062463 0.0007371 0.0008003 0.0005525 0.0006756 0.0005524 0.0006140 0.0007990 0.0003707 0.0867900 0.0857348 0.0856085 0.0914201 0.0867900 0.0003679 0.0009840 0.0000000 0.0003063 0.0008600 0.3142428 
